   0 I     372344 [L0 0 0 0 0 0 0 0 0 0 0 0 0 0 0 0 0 L0] [L1 0 0 0 0 0 0 0 0 0 0 0 0 0 0 0 0 L1]
   1 P     137744 [L0 0 -1 -1 -1 -1 -1 -1 -1 -1 -1 -1 -1 -1 -1 -1 -1 L0] [L1 0 0 0 0 0 0 0 0 0 0 0 0 0 0 0 0 L1]
   2 P     154520 [L0 1 -1 -1 -1 -1 -1 -1 -1 -1 -1 -1 -1 -1 -1 -1 -1 L0] [L1 0 0 0 0 0 0 0 0 0 0 0 0 0 0 0 0 L1]
   3 P     156904 [L0 2 -1 -1 -1 -1 -1 -1 -1 -1 -1 -1 -1 -1 -1 -1 -1 L0] [L1 0 0 0 0 0 0 0 0 0 0 0 0 0 0 0 0 L1]
   4 P     152656 [L0 3 -1 -1 -1 -1 -1 -1 -1 -1 -1 -1 -1 -1 -1 -1 -1 L0] [L1 0 0 0 0 0 0 0 0 0 0 0 0 0 0 0 0 L1]
   5 P     147808 [L0 4 -1 -1 -1 -1 -1 -1 -1 -1 -1 -1 -1 -1 -1 -1 -1 L0] [L1 0 0 0 0 0 0 0 0 0 0 0 0 0 0 0 0 L1]
   6 P     138528 [L0 5 -1 -1 -1 -1 -1 -1 -1 -1 -1 -1 -1 -1 -1 -1 -1 L0] [L1 0 0 0 0 0 0 0 0 0 0 0 0 0 0 0 0 L1]
   7 P     144336 [L0 6 -1 -1 -1 -1 -1 -1 -1 -1 -1 -1 -1 -1 -1 -1 -1 L0] [L1 0 0 0 0 0 0 0 0 0 0 0 0 0 0 0 0 L1]
   8 P     148752 [L0 7 -1 -1 -1 -1 -1 -1 -1 -1 -1 -1 -1 -1 -1 -1 -1 L0] [L1 0 0 0 0 0 0 0 0 0 0 0 0 0 0 0 0 L1]
   9 P     143896 [L0 8 -1 -1 -1 -1 -1 -1 -1 -1 -1 -1 -1 -1 -1 -1 -1 L0] [L1 0 0 0 0 0 0 0 0 0 0 0 0 0 0 0 0 L1]
  10 P     152672 [L0 9 -1 -1 -1 -1 -1 -1 -1 -1 -1 -1 -1 -1 -1 -1 -1 L0] [L1 0 0 0 0 0 0 0 0 0 0 0 0 0 0 0 0 L1]
  11 P     150216 [L0 10 -1 -1 -1 -1 -1 -1 -1 -1 -1 -1 -1 -1 -1 -1 -1 L0] [L1 0 0 0 0 0 0 0 0 0 0 0 0 0 0 0 0 L1]
  12 P     155240 [L0 11 -1 -1 -1 -1 -1 -1 -1 -1 -1 -1 -1 -1 -1 -1 -1 L0] [L1 0 0 0 0 0 0 0 0 0 0 0 0 0 0 0 0 L1]
  13 P     169680 [L0 12 -1 -1 -1 -1 -1 -1 -1 -1 -1 -1 -1 -1 -1 -1 -1 L0] [L1 0 0 0 0 0 0 0 0 0 0 0 0 0 0 0 0 L1]
  14 P     169408 [L0 13 -1 -1 -1 -1 -1 -1 -1 -1 -1 -1 -1 -1 -1 -1 -1 L0] [L1 0 0 0 0 0 0 0 0 0 0 0 0 0 0 0 0 L1]
  15 P     168200 [L0 14 -1 -1 -1 -1 -1 -1 -1 -1 -1 -1 -1 -1 -1 -1 -1 L0] [L1 0 0 0 0 0 0 0 0 0 0 0 0 0 0 0 0 L1]
  16 P     173176 [L0 15 -1 -1 -1 -1 -1 -1 -1 -1 -1 -1 -1 -1 -1 -1 -1 L0] [L1 0 0 0 0 0 0 0 0 0 0 0 0 0 0 0 0 L1]
  17 P     170320 [L0 16 -1 -1 -1 -1 -1 -1 -1 -1 -1 -1 -1 -1 -1 -1 -1 L0] [L1 0 0 0 0 0 0 0 0 0 0 0 0 0 0 0 0 L1]
  18 P     175880 [L0 17 -1 -1 -1 -1 -1 -1 -1 -1 -1 -1 -1 -1 -1 -1 -1 L0] [L1 0 0 0 0 0 0 0 0 0 0 0 0 0 0 0 0 L1]
  19 P     179072 [L0 18 -1 -1 -1 -1 -1 -1 -1 -1 -1 -1 -1 -1 -1 -1 -1 L0] [L1 0 0 0 0 0 0 0 0 0 0 0 0 0 0 0 0 L1]
  20 P     182840 [L0 19 -1 -1 -1 -1 -1 -1 -1 -1 -1 -1 -1 -1 -1 -1 -1 L0] [L1 0 0 0 0 0 0 0 0 0 0 0 0 0 0 0 0 L1]
  21 P     171696 [L0 20 -1 -1 -1 -1 -1 -1 -1 -1 -1 -1 -1 -1 -1 -1 -1 L0] [L1 0 0 0 0 0 0 0 0 0 0 0 0 0 0 0 0 L1]
  22 P     180576 [L0 21 -1 -1 -1 -1 -1 -1 -1 -1 -1 -1 -1 -1 -1 -1 -1 L0] [L1 0 0 0 0 0 0 0 0 0 0 0 0 0 0 0 0 L1]
  23 P     187144 [L0 22 -1 -1 -1 -1 -1 -1 -1 -1 -1 -1 -1 -1 -1 -1 -1 L0] [L1 0 0 0 0 0 0 0 0 0 0 0 0 0 0 0 0 L1]
  24 P     209240 [L0 23 -1 -1 -1 -1 -1 -1 -1 -1 -1 -1 -1 -1 -1 -1 -1 L0] [L1 0 0 0 0 0 0 0 0 0 0 0 0 0 0 0 0 L1]
  25 P     195024 [L0 24 -1 -1 -1 -1 -1 -1 -1 -1 -1 -1 -1 -1 -1 -1 -1 L0] [L1 0 0 0 0 0 0 0 0 0 0 0 0 0 0 0 0 L1]
  26 P     193392 [L0 25 -1 -1 -1 -1 -1 -1 -1 -1 -1 -1 -1 -1 -1 -1 -1 L0] [L1 0 0 0 0 0 0 0 0 0 0 0 0 0 0 0 0 L1]
  27 P     207240 [L0 26 -1 -1 -1 -1 -1 -1 -1 -1 -1 -1 -1 -1 -1 -1 -1 L0] [L1 0 0 0 0 0 0 0 0 0 0 0 0 0 0 0 0 L1]
  28 P     214544 [L0 27 -1 -1 -1 -1 -1 -1 -1 -1 -1 -1 -1 -1 -1 -1 -1 L0] [L1 0 0 0 0 0 0 0 0 0 0 0 0 0 0 0 0 L1]
  29 P     214088 [L0 28 -1 -1 -1 -1 -1 -1 -1 -1 -1 -1 -1 -1 -1 -1 -1 L0] [L1 0 0 0 0 0 0 0 0 0 0 0 0 0 0 0 0 L1]
  30 P     217176 [L0 29 -1 -1 -1 -1 -1 -1 -1 -1 -1 -1 -1 -1 -1 -1 -1 L0] [L1 0 0 0 0 0 0 0 0 0 0 0 0 0 0 0 0 L1]
  31 P     210512 [L0 30 -1 -1 -1 -1 -1 -1 -1 -1 -1 -1 -1 -1 -1 -1 -1 L0] [L1 0 0 0 0 0 0 0 0 0 0 0 0 0 0 0 0 L1]
  32 P     213800 [L0 31 -1 -1 -1 -1 -1 -1 -1 -1 -1 -1 -1 -1 -1 -1 -1 L0] [L1 0 0 0 0 0 0 0 0 0 0 0 0 0 0 0 0 L1]
  33 P     215776 [L0 32 -1 -1 -1 -1 -1 -1 -1 -1 -1 -1 -1 -1 -1 -1 -1 L0] [L1 0 0 0 0 0 0 0 0 0 0 0 0 0 0 0 0 L1]
  34 P     224800 [L0 33 -1 -1 -1 -1 -1 -1 -1 -1 -1 -1 -1 -1 -1 -1 -1 L0] [L1 0 0 0 0 0 0 0 0 0 0 0 0 0 0 0 0 L1]
  35 P     229112 [L0 34 -1 -1 -1 -1 -1 -1 -1 -1 -1 -1 -1 -1 -1 -1 -1 L0] [L1 0 0 0 0 0 0 0 0 0 0 0 0 0 0 0 0 L1]
  36 P     219568 [L0 35 -1 -1 -1 -1 -1 -1 -1 -1 -1 -1 -1 -1 -1 -1 -1 L0] [L1 0 0 0 0 0 0 0 0 0 0 0 0 0 0 0 0 L1]
  37 P     224360 [L0 36 -1 -1 -1 -1 -1 -1 -1 -1 -1 -1 -1 -1 -1 -1 -1 L0] [L1 0 0 0 0 0 0 0 0 0 0 0 0 0 0 0 0 L1]
  38 P     224840 [L0 37 -1 -1 -1 -1 -1 -1 -1 -1 -1 -1 -1 -1 -1 -1 -1 L0] [L1 0 0 0 0 0 0 0 0 0 0 0 0 0 0 0 0 L1]
  39 P     228568 [L0 38 -1 -1 -1 -1 -1 -1 -1 -1 -1 -1 -1 -1 -1 -1 -1 L0] [L1 0 0 0 0 0 0 0 0 0 0 0 0 0 0 0 0 L1]
  40 P     227208 [L0 39 -1 -1 -1 -1 -1 -1 -1 -1 -1 -1 -1 -1 -1 -1 -1 L0] [L1 0 0 0 0 0 0 0 0 0 0 0 0 0 0 0 0 L1]
  41 P     230984 [L0 40 -1 -1 -1 -1 -1 -1 -1 -1 -1 -1 -1 -1 -1 -1 -1 L0] [L1 0 0 0 0 0 0 0 0 0 0 0 0 0 0 0 0 L1]
  42 P     215568 [L0 41 -1 -1 -1 -1 -1 -1 -1 -1 -1 -1 -1 -1 -1 -1 -1 L0] [L1 0 0 0 0 0 0 0 0 0 0 0 0 0 0 0 0 L1]
  43 P     217928 [L0 42 -1 -1 -1 -1 -1 -1 -1 -1 -1 -1 -1 -1 -1 -1 -1 L0] [L1 0 0 0 0 0 0 0 0 0 0 0 0 0 0 0 0 L1]
  44 P     230152 [L0 43 -1 -1 -1 -1 -1 -1 -1 -1 -1 -1 -1 -1 -1 -1 -1 L0] [L1 0 0 0 0 0 0 0 0 0 0 0 0 0 0 0 0 L1]
  45 P     236368 [L0 44 -1 -1 -1 -1 -1 -1 -1 -1 -1 -1 -1 -1 -1 -1 -1 L0] [L1 0 0 0 0 0 0 0 0 0 0 0 0 0 0 0 0 L1]
  46 P     220008 [L0 45 -1 -1 -1 -1 -1 -1 -1 -1 -1 -1 -1 -1 -1 -1 -1 L0] [L1 0 0 0 0 0 0 0 0 0 0 0 0 0 0 0 0 L1]
  47 P     225728 [L0 46 -1 -1 -1 -1 -1 -1 -1 -1 -1 -1 -1 -1 -1 -1 -1 L0] [L1 0 0 0 0 0 0 0 0 0 0 0 0 0 0 0 0 L1]
  48 P     241312 [L0 47 -1 -1 -1 -1 -1 -1 -1 -1 -1 -1 -1 -1 -1 -1 -1 L0] [L1 0 0 0 0 0 0 0 0 0 0 0 0 0 0 0 0 L1]
  49 P     238784 [L0 48 -1 -1 -1 -1 -1 -1 -1 -1 -1 -1 -1 -1 -1 -1 -1 L0] [L1 0 0 0 0 0 0 0 0 0 0 0 0 0 0 0 0 L1]
  50 P     240320 [L0 49 -1 -1 -1 -1 -1 -1 -1 -1 -1 -1 -1 -1 -1 -1 -1 L0] [L1 0 0 0 0 0 0 0 0 0 0 0 0 0 0 0 0 L1]
  51 P     231976 [L0 50 -1 -1 -1 -1 -1 -1 -1 -1 -1 -1 -1 -1 -1 -1 -1 L0] [L1 0 0 0 0 0 0 0 0 0 0 0 0 0 0 0 0 L1]
  52 P     241376 [L0 51 -1 -1 -1 -1 -1 -1 -1 -1 -1 -1 -1 -1 -1 -1 -1 L0] [L1 0 0 0 0 0 0 0 0 0 0 0 0 0 0 0 0 L1]
  53 P     223680 [L0 52 -1 -1 -1 -1 -1 -1 -1 -1 -1 -1 -1 -1 -1 -1 -1 L0] [L1 0 0 0 0 0 0 0 0 0 0 0 0 0 0 0 0 L1]
  54 P     251352 [L0 53 -1 -1 -1 -1 -1 -1 -1 -1 -1 -1 -1 -1 -1 -1 -1 L0] [L1 0 0 0 0 0 0 0 0 0 0 0 0 0 0 0 0 L1]
  55 P     252448 [L0 54 -1 -1 -1 -1 -1 -1 -1 -1 -1 -1 -1 -1 -1 -1 -1 L0] [L1 0 0 0 0 0 0 0 0 0 0 0 0 0 0 0 0 L1]
  56 P     259448 [L0 55 -1 -1 -1 -1 -1 -1 -1 -1 -1 -1 -1 -1 -1 -1 -1 L0] [L1 0 0 0 0 0 0 0 0 0 0 0 0 0 0 0 0 L1]
  57 P     268384 [L0 56 -1 -1 -1 -1 -1 -1 -1 -1 -1 -1 -1 -1 -1 -1 -1 L0] [L1 0 0 0 0 0 0 0 0 0 0 0 0 0 0 0 0 L1]
  58 P     270056 [L0 57 -1 -1 -1 -1 -1 -1 -1 -1 -1 -1 -1 -1 -1 -1 -1 L0] [L1 0 0 0 0 0 0 0 0 0 0 0 0 0 0 0 0 L1]
  59 P     266848 [L0 58 -1 -1 -1 -1 -1 -1 -1 -1 -1 -1 -1 -1 -1 -1 -1 L0] [L1 0 0 0 0 0 0 0 0 0 0 0 0 0 0 0 0 L1]
  60 P     261248 [L0 59 -1 -1 -1 -1 -1 -1 -1 -1 -1 -1 -1 -1 -1 -1 -1 L0] [L1 0 0 0 0 0 0 0 0 0 0 0 0 0 0 0 0 L1]
  61 P     272960 [L0 60 -1 -1 -1 -1 -1 -1 -1 -1 -1 -1 -1 -1 -1 -1 -1 L0] [L1 0 0 0 0 0 0 0 0 0 0 0 0 0 0 0 0 L1]
  62 P     274648 [L0 61 -1 -1 -1 -1 -1 -1 -1 -1 -1 -1 -1 -1 -1 -1 -1 L0] [L1 0 0 0 0 0 0 0 0 0 0 0 0 0 0 0 0 L1]
  63 P     259472 [L0 62 -1 -1 -1 -1 -1 -1 -1 -1 -1 -1 -1 -1 -1 -1 -1 L0] [L1 0 0 0 0 0 0 0 0 0 0 0 0 0 0 0 0 L1]
  64 P     256936 [L0 63 -1 -1 -1 -1 -1 -1 -1 -1 -1 -1 -1 -1 -1 -1 -1 L0] [L1 0 0 0 0 0 0 0 0 0 0 0 0 0 0 0 0 L1]
  65 P     272112 [L0 64 -1 -1 -1 -1 -1 -1 -1 -1 -1 -1 -1 -1 -1 -1 -1 L0] [L1 0 0 0 0 0 0 0 0 0 0 0 0 0 0 0 0 L1]
  66 P     274816 [L0 65 -1 -1 -1 -1 -1 -1 -1 -1 -1 -1 -1 -1 -1 -1 -1 L0] [L1 0 0 0 0 0 0 0 0 0 0 0 0 0 0 0 0 L1]
  67 P     261888 [L0 66 -1 -1 -1 -1 -1 -1 -1 -1 -1 -1 -1 -1 -1 -1 -1 L0] [L1 0 0 0 0 0 0 0 0 0 0 0 0 0 0 0 0 L1]
  68 P     259632 [L0 67 -1 -1 -1 -1 -1 -1 -1 -1 -1 -1 -1 -1 -1 -1 -1 L0] [L1 0 0 0 0 0 0 0 0 0 0 0 0 0 0 0 0 L1]
  69 P     258872 [L0 68 -1 -1 -1 -1 -1 -1 -1 -1 -1 -1 -1 -1 -1 -1 -1 L0] [L1 0 0 0 0 0 0 0 0 0 0 0 0 0 0 0 0 L1]
  70 P     266384 [L0 69 -1 -1 -1 -1 -1 -1 -1 -1 -1 -1 -1 -1 -1 -1 -1 L0] [L1 0 0 0 0 0 0 0 0 0 0 0 0 0 0 0 0 L1]
  71 P     268024 [L0 70 -1 -1 -1 -1 -1 -1 -1 -1 -1 -1 -1 -1 -1 -1 -1 L0] [L1 0 0 0 0 0 0 0 0 0 0 0 0 0 0 0 0 L1]
  72 P     259080 [L0 71 -1 -1 -1 -1 -1 -1 -1 -1 -1 -1 -1 -1 -1 -1 -1 L0] [L1 0 0 0 0 0 0 0 0 0 0 0 0 0 0 0 0 L1]
  73 P     273656 [L0 72 -1 -1 -1 -1 -1 -1 -1 -1 -1 -1 -1 -1 -1 -1 -1 L0] [L1 0 0 0 0 0 0 0 0 0 0 0 0 0 0 0 0 L1]
  74 P     274968 [L0 73 -1 -1 -1 -1 -1 -1 -1 -1 -1 -1 -1 -1 -1 -1 -1 L0] [L1 0 0 0 0 0 0 0 0 0 0 0 0 0 0 0 0 L1]
  75 P     274056 [L0 74 -1 -1 -1 -1 -1 -1 -1 -1 -1 -1 -1 -1 -1 -1 -1 L0] [L1 0 0 0 0 0 0 0 0 0 0 0 0 0 0 0 0 L1]
  76 P     248344 [L0 75 -1 -1 -1 -1 -1 -1 -1 -1 -1 -1 -1 -1 -1 -1 -1 L0] [L1 0 0 0 0 0 0 0 0 0 0 0 0 0 0 0 0 L1]
  77 P     257112 [L0 76 -1 -1 -1 -1 -1 -1 -1 -1 -1 -1 -1 -1 -1 -1 -1 L0] [L1 0 0 0 0 0 0 0 0 0 0 0 0 0 0 0 0 L1]
  78 P     275928 [L0 77 -1 -1 -1 -1 -1 -1 -1 -1 -1 -1 -1 -1 -1 -1 -1 L0] [L1 0 0 0 0 0 0 0 0 0 0 0 0 0 0 0 0 L1]
  79 P     277416 [L0 78 -1 -1 -1 -1 -1 -1 -1 -1 -1 -1 -1 -1 -1 -1 -1 L0] [L1 0 0 0 0 0 0 0 0 0 0 0 0 0 0 0 0 L1]
  80 P     270576 [L0 79 -1 -1 -1 -1 -1 -1 -1 -1 -1 -1 -1 -1 -1 -1 -1 L0] [L1 0 0 0 0 0 0 0 0 0 0 0 0 0 0 0 0 L1]
  81 P     271568 [L0 80 -1 -1 -1 -1 -1 -1 -1 -1 -1 -1 -1 -1 -1 -1 -1 L0] [L1 0 0 0 0 0 0 0 0 0 0 0 0 0 0 0 0 L1]
  82 P     274272 [L0 81 -1 -1 -1 -1 -1 -1 -1 -1 -1 -1 -1 -1 -1 -1 -1 L0] [L1 0 0 0 0 0 0 0 0 0 0 0 0 0 0 0 0 L1]
  83 P     251312 [L0 82 -1 -1 -1 -1 -1 -1 -1 -1 -1 -1 -1 -1 -1 -1 -1 L0] [L1 0 0 0 0 0 0 0 0 0 0 0 0 0 0 0 0 L1]
  84 P     256160 [L0 83 -1 -1 -1 -1 -1 -1 -1 -1 -1 -1 -1 -1 -1 -1 -1 L0] [L1 0 0 0 0 0 0 0 0 0 0 0 0 0 0 0 0 L1]
  85 P     275408 [L0 84 -1 -1 -1 -1 -1 -1 -1 -1 -1 -1 -1 -1 -1 -1 -1 L0] [L1 0 0 0 0 0 0 0 0 0 0 0 0 0 0 0 0 L1]
  86 P     279528 [L0 85 -1 -1 -1 -1 -1 -1 -1 -1 -1 -1 -1 -1 -1 -1 -1 L0] [L1 0 0 0 0 0 0 0 0 0 0 0 0 0 0 0 0 L1]
  87 P     288712 [L0 86 -1 -1 -1 -1 -1 -1 -1 -1 -1 -1 -1 -1 -1 -1 -1 L0] [L1 0 0 0 0 0 0 0 0 0 0 0 0 0 0 0 0 L1]
  88 P     274480 [L0 87 -1 -1 -1 -1 -1 -1 -1 -1 -1 -1 -1 -1 -1 -1 -1 L0] [L1 0 0 0 0 0 0 0 0 0 0 0 0 0 0 0 0 L1]
  89 P     275888 [L0 88 -1 -1 -1 -1 -1 -1 -1 -1 -1 -1 -1 -1 -1 -1 -1 L0] [L1 0 0 0 0 0 0 0 0 0 0 0 0 0 0 0 0 L1]
  90 P     274856 [L0 89 -1 -1 -1 -1 -1 -1 -1 -1 -1 -1 -1 -1 -1 -1 -1 L0] [L1 0 0 0 0 0 0 0 0 0 0 0 0 0 0 0 0 L1]
  91 P     270064 [L0 90 -1 -1 -1 -1 -1 -1 -1 -1 -1 -1 -1 -1 -1 -1 -1 L0] [L1 0 0 0 0 0 0 0 0 0 0 0 0 0 0 0 0 L1]
  92 P     275768 [L0 91 -1 -1 -1 -1 -1 -1 -1 -1 -1 -1 -1 -1 -1 -1 -1 L0] [L1 0 0 0 0 0 0 0 0 0 0 0 0 0 0 0 0 L1]
  93 P     274744 [L0 92 -1 -1 -1 -1 -1 -1 -1 -1 -1 -1 -1 -1 -1 -1 -1 L0] [L1 0 0 0 0 0 0 0 0 0 0 0 0 0 0 0 0 L1]
  94 P     259536 [L0 93 -1 -1 -1 -1 -1 -1 -1 -1 -1 -1 -1 -1 -1 -1 -1 L0] [L1 0 0 0 0 0 0 0 0 0 0 0 0 0 0 0 0 L1]
  95 P     267952 [L0 94 -1 -1 -1 -1 -1 -1 -1 -1 -1 -1 -1 -1 -1 -1 -1 L0] [L1 0 0 0 0 0 0 0 0 0 0 0 0 0 0 0 0 L1]
  96 P     272144 [L0 95 -1 -1 -1 -1 -1 -1 -1 -1 -1 -1 -1 -1 -1 -1 -1 L0] [L1 0 0 0 0 0 0 0 0 0 0 0 0 0 0 0 0 L1]
  97 P     285720 [L0 96 -1 -1 -1 -1 -1 -1 -1 -1 -1 -1 -1 -1 -1 -1 -1 L0] [L1 0 0 0 0 0 0 0 0 0 0 0 0 0 0 0 0 L1]
  98 P     263720 [L0 97 -1 -1 -1 -1 -1 -1 -1 -1 -1 -1 -1 -1 -1 -1 -1 L0] [L1 0 0 0 0 0 0 0 0 0 0 0 0 0 0 0 0 L1]
  99 P     259560 [L0 98 -1 -1 -1 -1 -1 -1 -1 -1 -1 -1 -1 -1 -1 -1 -1 L0] [L1 0 0 0 0 0 0 0 0 0 0 0 0 0 0 0 0 L1]
 100 P     267424 [L0 99 -1 -1 -1 -1 -1 -1 -1 -1 -1 -1 -1 -1 -1 -1 -1 L0] [L1 0 0 0 0 0 0 0 0 0 0 0 0 0 0 0 0 L1]
 101 P     247224 [L0 100 -1 -1 -1 -1 -1 -1 -1 -1 -1 -1 -1 -1 -1 -1 -1 L0] [L1 0 0 0 0 0 0 0 0 0 0 0 0 0 0 0 0 L1]
 102 P     255136 [L0 101 -1 -1 -1 -1 -1 -1 -1 -1 -1 -1 -1 -1 -1 -1 -1 L0] [L1 0 0 0 0 0 0 0 0 0 0 0 0 0 0 0 0 L1]
 103 P     287768 [L0 102 -1 -1 -1 -1 -1 -1 -1 -1 -1 -1 -1 -1 -1 -1 -1 L0] [L1 0 0 0 0 0 0 0 0 0 0 0 0 0 0 0 0 L1]
 104 P     287160 [L0 103 -1 -1 -1 -1 -1 -1 -1 -1 -1 -1 -1 -1 -1 -1 -1 L0] [L1 0 0 0 0 0 0 0 0 0 0 0 0 0 0 0 0 L1]
 105 P     281832 [L0 104 -1 -1 -1 -1 -1 -1 -1 -1 -1 -1 -1 -1 -1 -1 -1 L0] [L1 0 0 0 0 0 0 0 0 0 0 0 0 0 0 0 0 L1]
 106 P     283496 [L0 105 -1 -1 -1 -1 -1 -1 -1 -1 -1 -1 -1 -1 -1 -1 -1 L0] [L1 0 0 0 0 0 0 0 0 0 0 0 0 0 0 0 0 L1]
 107 P     278816 [L0 106 -1 -1 -1 -1 -1 -1 -1 -1 -1 -1 -1 -1 -1 -1 -1 L0] [L1 0 0 0 0 0 0 0 0 0 0 0 0 0 0 0 0 L1]
 108 P     270024 [L0 107 -1 -1 -1 -1 -1 -1 -1 -1 -1 -1 -1 -1 -1 -1 -1 L0] [L1 0 0 0 0 0 0 0 0 0 0 0 0 0 0 0 0 L1]
 109 P     270232 [L0 108 -1 -1 -1 -1 -1 -1 -1 -1 -1 -1 -1 -1 -1 -1 -1 L0] [L1 0 0 0 0 0 0 0 0 0 0 0 0 0 0 0 0 L1]
 110 P     257088 [L0 109 -1 -1 -1 -1 -1 -1 -1 -1 -1 -1 -1 -1 -1 -1 -1 L0] [L1 0 0 0 0 0 0 0 0 0 0 0 0 0 0 0 0 L1]
 111 P     259184 [L0 110 -1 -1 -1 -1 -1 -1 -1 -1 -1 -1 -1 -1 -1 -1 -1 L0] [L1 0 0 0 0 0 0 0 0 0 0 0 0 0 0 0 0 L1]
 112 P     260448 [L0 111 -1 -1 -1 -1 -1 -1 -1 -1 -1 -1 -1 -1 -1 -1 -1 L0] [L1 0 0 0 0 0 0 0 0 0 0 0 0 0 0 0 0 L1]
 113 P     272680 [L0 112 -1 -1 -1 -1 -1 -1 -1 -1 -1 -1 -1 -1 -1 -1 -1 L0] [L1 0 0 0 0 0 0 0 0 0 0 0 0 0 0 0 0 L1]
 114 P     263016 [L0 113 -1 -1 -1 -1 -1 -1 -1 -1 -1 -1 -1 -1 -1 -1 -1 L0] [L1 0 0 0 0 0 0 0 0 0 0 0 0 0 0 0 0 L1]
 115 P     270664 [L0 114 -1 -1 -1 -1 -1 -1 -1 -1 -1 -1 -1 -1 -1 -1 -1 L0] [L1 0 0 0 0 0 0 0 0 0 0 0 0 0 0 0 0 L1]
 116 P     257976 [L0 115 -1 -1 -1 -1 -1 -1 -1 -1 -1 -1 -1 -1 -1 -1 -1 L0] [L1 0 0 0 0 0 0 0 0 0 0 0 0 0 0 0 0 L1]
 117 P     269688 [L0 116 -1 -1 -1 -1 -1 -1 -1 -1 -1 -1 -1 -1 -1 -1 -1 L0] [L1 0 0 0 0 0 0 0 0 0 0 0 0 0 0 0 0 L1]
 118 P     268640 [L0 117 -1 -1 -1 -1 -1 -1 -1 -1 -1 -1 -1 -1 -1 -1 -1 L0] [L1 0 0 0 0 0 0 0 0 0 0 0 0 0 0 0 0 L1]
 119 P     280168 [L0 118 -1 -1 -1 -1 -1 -1 -1 -1 -1 -1 -1 -1 -1 -1 -1 L0] [L1 0 0 0 0 0 0 0 0 0 0 0 0 0 0 0 0 L1]
 120 P     254232 [L0 119 -1 -1 -1 -1 -1 -1 -1 -1 -1 -1 -1 -1 -1 -1 -1 L0] [L1 0 0 0 0 0 0 0 0 0 0 0 0 0 0 0 0 L1]
 121 P     255112 [L0 120 -1 -1 -1 -1 -1 -1 -1 -1 -1 -1 -1 -1 -1 -1 -1 L0] [L1 0 0 0 0 0 0 0 0 0 0 0 0 0 0 0 0 L1]
 122 P     267320 [L0 121 -1 -1 -1 -1 -1 -1 -1 -1 -1 -1 -1 -1 -1 -1 -1 L0] [L1 0 0 0 0 0 0 0 0 0 0 0 0 0 0 0 0 L1]
 123 P     268072 [L0 122 -1 -1 -1 -1 -1 -1 -1 -1 -1 -1 -1 -1 -1 -1 -1 L0] [L1 0 0 0 0 0 0 0 0 0 0 0 0 0 0 0 0 L1]
 124 P     271160 [L0 123 -1 -1 -1 -1 -1 -1 -1 -1 -1 -1 -1 -1 -1 -1 -1 L0] [L1 0 0 0 0 0 0 0 0 0 0 0 0 0 0 0 0 L1]
 125 P     270704 [L0 124 -1 -1 -1 -1 -1 -1 -1 -1 -1 -1 -1 -1 -1 -1 -1 L0] [L1 0 0 0 0 0 0 0 0 0 0 0 0 0 0 0 0 L1]
 126 P     276440 [L0 125 -1 -1 -1 -1 -1 -1 -1 -1 -1 -1 -1 -1 -1 -1 -1 L0] [L1 0 0 0 0 0 0 0 0 0 0 0 0 0 0 0 0 L1]
 127 P     282768 [L0 126 -1 -1 -1 -1 -1 -1 -1 -1 -1 -1 -1 -1 -1 -1 -1 L0] [L1 0 0 0 0 0 0 0 0 0 0 0 0 0 0 0 0 L1]
 128 P     267192 [L0 127 -1 -1 -1 -1 -1 -1 -1 -1 -1 -1 -1 -1 -1 -1 -1 L0] [L1 0 0 0 0 0 0 0 0 0 0 0 0 0 0 0 0 L1]
 129 P     271440 [L0 128 -1 -1 -1 -1 -1 -1 -1 -1 -1 -1 -1 -1 -1 -1 -1 L0] [L1 0 0 0 0 0 0 0 0 0 0 0 0 0 0 0 0 L1]
 130 P     279912 [L0 129 -1 -1 -1 -1 -1 -1 -1 -1 -1 -1 -1 -1 -1 -1 -1 L0] [L1 0 0 0 0 0 0 0 0 0 0 0 0 0 0 0 0 L1]
 131 P     270480 [L0 130 -1 -1 -1 -1 -1 -1 -1 -1 -1 -1 -1 -1 -1 -1 -1 L0] [L1 0 0 0 0 0 0 0 0 0 0 0 0 0 0 0 0 L1]
 132 P     277104 [L0 131 -1 -1 -1 -1 -1 -1 -1 -1 -1 -1 -1 -1 -1 -1 -1 L0] [L1 0 0 0 0 0 0 0 0 0 0 0 0 0 0 0 0 L1]
 133 P     273936 [L0 132 -1 -1 -1 -1 -1 -1 -1 -1 -1 -1 -1 -1 -1 -1 -1 L0] [L1 0 0 0 0 0 0 0 0 0 0 0 0 0 0 0 0 L1]
 134 P     270480 [L0 133 -1 -1 -1 -1 -1 -1 -1 -1 -1 -1 -1 -1 -1 -1 -1 L0] [L1 0 0 0 0 0 0 0 0 0 0 0 0 0 0 0 0 L1]
 135 P     272824 [L0 134 -1 -1 -1 -1 -1 -1 -1 -1 -1 -1 -1 -1 -1 -1 -1 L0] [L1 0 0 0 0 0 0 0 0 0 0 0 0 0 0 0 0 L1]
 136 P     265456 [L0 135 -1 -1 -1 -1 -1 -1 -1 -1 -1 -1 -1 -1 -1 -1 -1 L0] [L1 0 0 0 0 0 0 0 0 0 0 0 0 0 0 0 0 L1]
 137 P     285912 [L0 136 -1 -1 -1 -1 -1 -1 -1 -1 -1 -1 -1 -1 -1 -1 -1 L0] [L1 0 0 0 0 0 0 0 0 0 0 0 0 0 0 0 0 L1]
 138 P     272080 [L0 137 -1 -1 -1 -1 -1 -1 -1 -1 -1 -1 -1 -1 -1 -1 -1 L0] [L1 0 0 0 0 0 0 0 0 0 0 0 0 0 0 0 0 L1]
 139 P     255192 [L0 138 -1 -1 -1 -1 -1 -1 -1 -1 -1 -1 -1 -1 -1 -1 -1 L0] [L1 0 0 0 0 0 0 0 0 0 0 0 0 0 0 0 0 L1]
 140 P     258864 [L0 139 -1 -1 -1 -1 -1 -1 -1 -1 -1 -1 -1 -1 -1 -1 -1 L0] [L1 0 0 0 0 0 0 0 0 0 0 0 0 0 0 0 0 L1]
 141 P     264456 [L0 140 -1 -1 -1 -1 -1 -1 -1 -1 -1 -1 -1 -1 -1 -1 -1 L0] [L1 0 0 0 0 0 0 0 0 0 0 0 0 0 0 0 0 L1]
 142 P     289704 [L0 141 -1 -1 -1 -1 -1 -1 -1 -1 -1 -1 -1 -1 -1 -1 -1 L0] [L1 0 0 0 0 0 0 0 0 0 0 0 0 0 0 0 0 L1]
 143 P     289816 [L0 142 -1 -1 -1 -1 -1 -1 -1 -1 -1 -1 -1 -1 -1 -1 -1 L0] [L1 0 0 0 0 0 0 0 0 0 0 0 0 0 0 0 0 L1]
 144 P     290904 [L0 143 -1 -1 -1 -1 -1 -1 -1 -1 -1 -1 -1 -1 -1 -1 -1 L0] [L1 0 0 0 0 0 0 0 0 0 0 0 0 0 0 0 0 L1]
 145 P     282944 [L0 144 -1 -1 -1 -1 -1 -1 -1 -1 -1 -1 -1 -1 -1 -1 -1 L0] [L1 0 0 0 0 0 0 0 0 0 0 0 0 0 0 0 0 L1]
 146 P     284392 [L0 145 -1 -1 -1 -1 -1 -1 -1 -1 -1 -1 -1 -1 -1 -1 -1 L0] [L1 0 0 0 0 0 0 0 0 0 0 0 0 0 0 0 0 L1]
 147 P     282960 [L0 146 -1 -1 -1 -1 -1 -1 -1 -1 -1 -1 -1 -1 -1 -1 -1 L0] [L1 0 0 0 0 0 0 0 0 0 0 0 0 0 0 0 0 L1]
 148 P     271248 [L0 147 -1 -1 -1 -1 -1 -1 -1 -1 -1 -1 -1 -1 -1 -1 -1 L0] [L1 0 0 0 0 0 0 0 0 0 0 0 0 0 0 0 0 L1]
 149 P     269488 [L0 148 -1 -1 -1 -1 -1 -1 -1 -1 -1 -1 -1 -1 -1 -1 -1 L0] [L1 0 0 0 0 0 0 0 0 0 0 0 0 0 0 0 0 L1]
 150 P     268504 [L0 149 -1 -1 -1 -1 -1 -1 -1 -1 -1 -1 -1 -1 -1 -1 -1 L0] [L1 0 0 0 0 0 0 0 0 0 0 0 0 0 0 0 0 L1]
 151 P     271656 [L0 150 -1 -1 -1 -1 -1 -1 -1 -1 -1 -1 -1 -1 -1 -1 -1 L0] [L1 0 0 0 0 0 0 0 0 0 0 0 0 0 0 0 0 L1]
 152 P     275536 [L0 151 -1 -1 -1 -1 -1 -1 -1 -1 -1 -1 -1 -1 -1 -1 -1 L0] [L1 0 0 0 0 0 0 0 0 0 0 0 0 0 0 0 0 L1]
 153 P     272088 [L0 152 -1 -1 -1 -1 -1 -1 -1 -1 -1 -1 -1 -1 -1 -1 -1 L0] [L1 0 0 0 0 0 0 0 0 0 0 0 0 0 0 0 0 L1]
 154 P     275576 [L0 153 -1 -1 -1 -1 -1 -1 -1 -1 -1 -1 -1 -1 -1 -1 -1 L0] [L1 0 0 0 0 0 0 0 0 0 0 0 0 0 0 0 0 L1]
 155 P     261680 [L0 154 -1 -1 -1 -1 -1 -1 -1 -1 -1 -1 -1 -1 -1 -1 -1 L0] [L1 0 0 0 0 0 0 0 0 0 0 0 0 0 0 0 0 L1]
 156 P     263952 [L0 155 -1 -1 -1 -1 -1 -1 -1 -1 -1 -1 -1 -1 -1 -1 -1 L0] [L1 0 0 0 0 0 0 0 0 0 0 0 0 0 0 0 0 L1]
 157 P     264032 [L0 156 -1 -1 -1 -1 -1 -1 -1 -1 -1 -1 -1 -1 -1 -1 -1 L0] [L1 0 0 0 0 0 0 0 0 0 0 0 0 0 0 0 0 L1]
 158 P     267728 [L0 157 -1 -1 -1 -1 -1 -1 -1 -1 -1 -1 -1 -1 -1 -1 -1 L0] [L1 0 0 0 0 0 0 0 0 0 0 0 0 0 0 0 0 L1]
 159 P     287848 [L0 158 -1 -1 -1 -1 -1 -1 -1 -1 -1 -1 -1 -1 -1 -1 -1 L0] [L1 0 0 0 0 0 0 0 0 0 0 0 0 0 0 0 0 L1]
 160 P     288088 [L0 159 -1 -1 -1 -1 -1 -1 -1 -1 -1 -1 -1 -1 -1 -1 -1 L0] [L1 0 0 0 0 0 0 0 0 0 0 0 0 0 0 0 0 L1]
 161 P     288488 [L0 160 -1 -1 -1 -1 -1 -1 -1 -1 -1 -1 -1 -1 -1 -1 -1 L0] [L1 0 0 0 0 0 0 0 0 0 0 0 0 0 0 0 0 L1]
 162 P     288200 [L0 161 -1 -1 -1 -1 -1 -1 -1 -1 -1 -1 -1 -1 -1 -1 -1 L0] [L1 0 0 0 0 0 0 0 0 0 0 0 0 0 0 0 0 L1]
 163 P     289336 [L0 162 -1 -1 -1 -1 -1 -1 -1 -1 -1 -1 -1 -1 -1 -1 -1 L0] [L1 0 0 0 0 0 0 0 0 0 0 0 0 0 0 0 0 L1]
 164 P     275632 [L0 163 -1 -1 -1 -1 -1 -1 -1 -1 -1 -1 -1 -1 -1 -1 -1 L0] [L1 0 0 0 0 0 0 0 0 0 0 0 0 0 0 0 0 L1]
 165 P     264696 [L0 164 -1 -1 -1 -1 -1 -1 -1 -1 -1 -1 -1 -1 -1 -1 -1 L0] [L1 0 0 0 0 0 0 0 0 0 0 0 0 0 0 0 0 L1]
 166 P     268808 [L0 165 -1 -1 -1 -1 -1 -1 -1 -1 -1 -1 -1 -1 -1 -1 -1 L0] [L1 0 0 0 0 0 0 0 0 0 0 0 0 0 0 0 0 L1]
 167 P     271512 [L0 166 -1 -1 -1 -1 -1 -1 -1 -1 -1 -1 -1 -1 -1 -1 -1 L0] [L1 0 0 0 0 0 0 0 0 0 0 0 0 0 0 0 0 L1]
 168 P     258072 [L0 167 -1 -1 -1 -1 -1 -1 -1 -1 -1 -1 -1 -1 -1 -1 -1 L0] [L1 0 0 0 0 0 0 0 0 0 0 0 0 0 0 0 0 L1]
 169 P     272816 [L0 168 -1 -1 -1 -1 -1 -1 -1 -1 -1 -1 -1 -1 -1 -1 -1 L0] [L1 0 0 0 0 0 0 0 0 0 0 0 0 0 0 0 0 L1]
 170 P     275968 [L0 169 -1 -1 -1 -1 -1 -1 -1 -1 -1 -1 -1 -1 -1 -1 -1 L0] [L1 0 0 0 0 0 0 0 0 0 0 0 0 0 0 0 0 L1]
 171 P     271960 [L0 170 -1 -1 -1 -1 -1 -1 -1 -1 -1 -1 -1 -1 -1 -1 -1 L0] [L1 0 0 0 0 0 0 0 0 0 0 0 0 0 0 0 0 L1]
 172 P     274600 [L0 171 -1 -1 -1 -1 -1 -1 -1 -1 -1 -1 -1 -1 -1 -1 -1 L0] [L1 0 0 0 0 0 0 0 0 0 0 0 0 0 0 0 0 L1]
 173 P     278864 [L0 172 -1 -1 -1 -1 -1 -1 -1 -1 -1 -1 -1 -1 -1 -1 -1 L0] [L1 0 0 0 0 0 0 0 0 0 0 0 0 0 0 0 0 L1]
 174 P     293408 [L0 173 -1 -1 -1 -1 -1 -1 -1 -1 -1 -1 -1 -1 -1 -1 -1 L0] [L1 0 0 0 0 0 0 0 0 0 0 0 0 0 0 0 0 L1]
 175 P     287080 [L0 174 -1 -1 -1 -1 -1 -1 -1 -1 -1 -1 -1 -1 -1 -1 -1 L0] [L1 0 0 0 0 0 0 0 0 0 0 0 0 0 0 0 0 L1]
 176 P     281600 [L0 175 -1 -1 -1 -1 -1 -1 -1 -1 -1 -1 -1 -1 -1 -1 -1 L0] [L1 0 0 0 0 0 0 0 0 0 0 0 0 0 0 0 0 L1]
 177 P     298176 [L0 176 -1 -1 -1 -1 -1 -1 -1 -1 -1 -1 -1 -1 -1 -1 -1 L0] [L1 0 0 0 0 0 0 0 0 0 0 0 0 0 0 0 0 L1]
 178 P     289528 [L0 177 -1 -1 -1 -1 -1 -1 -1 -1 -1 -1 -1 -1 -1 -1 -1 L0] [L1 0 0 0 0 0 0 0 0 0 0 0 0 0 0 0 0 L1]
 179 P     273648 [L0 178 -1 -1 -1 -1 -1 -1 -1 -1 -1 -1 -1 -1 -1 -1 -1 L0] [L1 0 0 0 0 0 0 0 0 0 0 0 0 0 0 0 0 L1]
 180 P     279936 [L0 179 -1 -1 -1 -1 -1 -1 -1 -1 -1 -1 -1 -1 -1 -1 -1 L0] [L1 0 0 0 0 0 0 0 0 0 0 0 0 0 0 0 0 L1]
 181 P     274448 [L0 180 -1 -1 -1 -1 -1 -1 -1 -1 -1 -1 -1 -1 -1 -1 -1 L0] [L1 0 0 0 0 0 0 0 0 0 0 0 0 0 0 0 0 L1]
 182 P     284336 [L0 181 -1 -1 -1 -1 -1 -1 -1 -1 -1 -1 -1 -1 -1 -1 -1 L0] [L1 0 0 0 0 0 0 0 0 0 0 0 0 0 0 0 0 L1]
 183 P     276520 [L0 182 -1 -1 -1 -1 -1 -1 -1 -1 -1 -1 -1 -1 -1 -1 -1 L0] [L1 0 0 0 0 0 0 0 0 0 0 0 0 0 0 0 0 L1]
 184 P     268120 [L0 183 -1 -1 -1 -1 -1 -1 -1 -1 -1 -1 -1 -1 -1 -1 -1 L0] [L1 0 0 0 0 0 0 0 0 0 0 0 0 0 0 0 0 L1]
 185 P     276736 [L0 184 -1 -1 -1 -1 -1 -1 -1 -1 -1 -1 -1 -1 -1 -1 -1 L0] [L1 0 0 0 0 0 0 0 0 0 0 0 0 0 0 0 0 L1]
 186 P     282808 [L0 185 -1 -1 -1 -1 -1 -1 -1 -1 -1 -1 -1 -1 -1 -1 -1 L0] [L1 0 0 0 0 0 0 0 0 0 0 0 0 0 0 0 0 L1]
 187 P     281512 [L0 186 -1 -1 -1 -1 -1 -1 -1 -1 -1 -1 -1 -1 -1 -1 -1 L0] [L1 0 0 0 0 0 0 0 0 0 0 0 0 0 0 0 0 L1]
 188 P     271120 [L0 187 -1 -1 -1 -1 -1 -1 -1 -1 -1 -1 -1 -1 -1 -1 -1 L0] [L1 0 0 0 0 0 0 0 0 0 0 0 0 0 0 0 0 L1]
 189 P     275552 [L0 188 -1 -1 -1 -1 -1 -1 -1 -1 -1 -1 -1 -1 -1 -1 -1 L0] [L1 0 0 0 0 0 0 0 0 0 0 0 0 0 0 0 0 L1]
 190 P     264232 [L0 189 -1 -1 -1 -1 -1 -1 -1 -1 -1 -1 -1 -1 -1 -1 -1 L0] [L1 0 0 0 0 0 0 0 0 0 0 0 0 0 0 0 0 L1]
 191 P     273552 [L0 190 -1 -1 -1 -1 -1 -1 -1 -1 -1 -1 -1 -1 -1 -1 -1 L0] [L1 0 0 0 0 0 0 0 0 0 0 0 0 0 0 0 0 L1]
 192 P     276552 [L0 191 -1 -1 -1 -1 -1 -1 -1 -1 -1 -1 -1 -1 -1 -1 -1 L0] [L1 0 0 0 0 0 0 0 0 0 0 0 0 0 0 0 0 L1]
 193 P     275496 [L0 192 -1 -1 -1 -1 -1 -1 -1 -1 -1 -1 -1 -1 -1 -1 -1 L0] [L1 0 0 0 0 0 0 0 0 0 0 0 0 0 0 0 0 L1]
 194 P     267232 [L0 193 -1 -1 -1 -1 -1 -1 -1 -1 -1 -1 -1 -1 -1 -1 -1 L0] [L1 0 0 0 0 0 0 0 0 0 0 0 0 0 0 0 0 L1]
 195 P     269352 [L0 194 -1 -1 -1 -1 -1 -1 -1 -1 -1 -1 -1 -1 -1 -1 -1 L0] [L1 0 0 0 0 0 0 0 0 0 0 0 0 0 0 0 0 L1]
 196 P     273984 [L0 195 -1 -1 -1 -1 -1 -1 -1 -1 -1 -1 -1 -1 -1 -1 -1 L0] [L1 0 0 0 0 0 0 0 0 0 0 0 0 0 0 0 0 L1]
 197 P     274872 [L0 196 -1 -1 -1 -1 -1 -1 -1 -1 -1 -1 -1 -1 -1 -1 -1 L0] [L1 0 0 0 0 0 0 0 0 0 0 0 0 0 0 0 0 L1]
 198 P     273728 [L0 197 -1 -1 -1 -1 -1 -1 -1 -1 -1 -1 -1 -1 -1 -1 -1 L0] [L1 0 0 0 0 0 0 0 0 0 0 0 0 0 0 0 0 L1]
 199 P     253848 [L0 198 -1 -1 -1 -1 -1 -1 -1 -1 -1 -1 -1 -1 -1 -1 -1 L0] [L1 0 0 0 0 0 0 0 0 0 0 0 0 0 0 0 0 L1]
 200 P     253816 [L0 199 -1 -1 -1 -1 -1 -1 -1 -1 -1 -1 -1 -1 -1 -1 -1 L0] [L1 0 0 0 0 0 0 0 0 0 0 0 0 0 0 0 0 L1]
 201 P     243040 [L0 200 -1 -1 -1 -1 -1 -1 -1 -1 -1 -1 -1 -1 -1 -1 -1 L0] [L1 0 0 0 0 0 0 0 0 0 0 0 0 0 0 0 0 L1]
 202 P     230600 [L0 201 -1 -1 -1 -1 -1 -1 -1 -1 -1 -1 -1 -1 -1 -1 -1 L0] [L1 0 0 0 0 0 0 0 0 0 0 0 0 0 0 0 0 L1]
 203 P     230008 [L0 202 -1 -1 -1 -1 -1 -1 -1 -1 -1 -1 -1 -1 -1 -1 -1 L0] [L1 0 0 0 0 0 0 0 0 0 0 0 0 0 0 0 0 L1]
 204 P     231360 [L0 203 -1 -1 -1 -1 -1 -1 -1 -1 -1 -1 -1 -1 -1 -1 -1 L0] [L1 0 0 0 0 0 0 0 0 0 0 0 0 0 0 0 0 L1]
 205 P     237568 [L0 204 -1 -1 -1 -1 -1 -1 -1 -1 -1 -1 -1 -1 -1 -1 -1 L0] [L1 0 0 0 0 0 0 0 0 0 0 0 0 0 0 0 0 L1]
 206 P     240680 [L0 205 -1 -1 -1 -1 -1 -1 -1 -1 -1 -1 -1 -1 -1 -1 -1 L0] [L1 0 0 0 0 0 0 0 0 0 0 0 0 0 0 0 0 L1]
 207 P     242712 [L0 206 -1 -1 -1 -1 -1 -1 -1 -1 -1 -1 -1 -1 -1 -1 -1 L0] [L1 0 0 0 0 0 0 0 0 0 0 0 0 0 0 0 0 L1]
 208 P     236888 [L0 207 -1 -1 -1 -1 -1 -1 -1 -1 -1 -1 -1 -1 -1 -1 -1 L0] [L1 0 0 0 0 0 0 0 0 0 0 0 0 0 0 0 0 L1]
 209 P     245992 [L0 208 -1 -1 -1 -1 -1 -1 -1 -1 -1 -1 -1 -1 -1 -1 -1 L0] [L1 0 0 0 0 0 0 0 0 0 0 0 0 0 0 0 0 L1]
 210 P     241552 [L0 209 -1 -1 -1 -1 -1 -1 -1 -1 -1 -1 -1 -1 -1 -1 -1 L0] [L1 0 0 0 0 0 0 0 0 0 0 0 0 0 0 0 0 L1]
 211 P     243728 [L0 210 -1 -1 -1 -1 -1 -1 -1 -1 -1 -1 -1 -1 -1 -1 -1 L0] [L1 0 0 0 0 0 0 0 0 0 0 0 0 0 0 0 0 L1]
 212 P     242440 [L0 211 -1 -1 -1 -1 -1 -1 -1 -1 -1 -1 -1 -1 -1 -1 -1 L0] [L1 0 0 0 0 0 0 0 0 0 0 0 0 0 0 0 0 L1]
 213 P     252800 [L0 212 -1 -1 -1 -1 -1 -1 -1 -1 -1 -1 -1 -1 -1 -1 -1 L0] [L1 0 0 0 0 0 0 0 0 0 0 0 0 0 0 0 0 L1]
 214 P     246736 [L0 213 -1 -1 -1 -1 -1 -1 -1 -1 -1 -1 -1 -1 -1 -1 -1 L0] [L1 0 0 0 0 0 0 0 0 0 0 0 0 0 0 0 0 L1]
 215 P     241368 [L0 214 -1 -1 -1 -1 -1 -1 -1 -1 -1 -1 -1 -1 -1 -1 -1 L0] [L1 0 0 0 0 0 0 0 0 0 0 0 0 0 0 0 0 L1]
 216 P     249440 [L0 215 -1 -1 -1 -1 -1 -1 -1 -1 -1 -1 -1 -1 -1 -1 -1 L0] [L1 0 0 0 0 0 0 0 0 0 0 0 0 0 0 0 0 L1]
 217 P     256384 [L0 216 -1 -1 -1 -1 -1 -1 -1 -1 -1 -1 -1 -1 -1 -1 -1 L0] [L1 0 0 0 0 0 0 0 0 0 0 0 0 0 0 0 0 L1]
 218 P     249880 [L0 217 -1 -1 -1 -1 -1 -1 -1 -1 -1 -1 -1 -1 -1 -1 -1 L0] [L1 0 0 0 0 0 0 0 0 0 0 0 0 0 0 0 0 L1]
 219 P     247672 [L0 218 -1 -1 -1 -1 -1 -1 -1 -1 -1 -1 -1 -1 -1 -1 -1 L0] [L1 0 0 0 0 0 0 0 0 0 0 0 0 0 0 0 0 L1]
 220 P     248392 [L0 219 -1 -1 -1 -1 -1 -1 -1 -1 -1 -1 -1 -1 -1 -1 -1 L0] [L1 0 0 0 0 0 0 0 0 0 0 0 0 0 0 0 0 L1]
 221 P     246624 [L0 220 -1 -1 -1 -1 -1 -1 -1 -1 -1 -1 -1 -1 -1 -1 -1 L0] [L1 0 0 0 0 0 0 0 0 0 0 0 0 0 0 0 0 L1]
 222 P     239864 [L0 221 -1 -1 -1 -1 -1 -1 -1 -1 -1 -1 -1 -1 -1 -1 -1 L0] [L1 0 0 0 0 0 0 0 0 0 0 0 0 0 0 0 0 L1]
 223 P     237712 [L0 222 -1 -1 -1 -1 -1 -1 -1 -1 -1 -1 -1 -1 -1 -1 -1 L0] [L1 0 0 0 0 0 0 0 0 0 0 0 0 0 0 0 0 L1]
 224 P     237088 [L0 223 -1 -1 -1 -1 -1 -1 -1 -1 -1 -1 -1 -1 -1 -1 -1 L0] [L1 0 0 0 0 0 0 0 0 0 0 0 0 0 0 0 0 L1]
 225 P     241264 [L0 224 -1 -1 -1 -1 -1 -1 -1 -1 -1 -1 -1 -1 -1 -1 -1 L0] [L1 0 0 0 0 0 0 0 0 0 0 0 0 0 0 0 0 L1]
 226 P     253360 [L0 225 -1 -1 -1 -1 -1 -1 -1 -1 -1 -1 -1 -1 -1 -1 -1 L0] [L1 0 0 0 0 0 0 0 0 0 0 0 0 0 0 0 0 L1]
 227 P     238472 [L0 226 -1 -1 -1 -1 -1 -1 -1 -1 -1 -1 -1 -1 -1 -1 -1 L0] [L1 0 0 0 0 0 0 0 0 0 0 0 0 0 0 0 0 L1]
 228 P     253920 [L0 227 -1 -1 -1 -1 -1 -1 -1 -1 -1 -1 -1 -1 -1 -1 -1 L0] [L1 0 0 0 0 0 0 0 0 0 0 0 0 0 0 0 0 L1]
 229 P     241528 [L0 228 -1 -1 -1 -1 -1 -1 -1 -1 -1 -1 -1 -1 -1 -1 -1 L0] [L1 0 0 0 0 0 0 0 0 0 0 0 0 0 0 0 0 L1]
 230 P     249728 [L0 229 -1 -1 -1 -1 -1 -1 -1 -1 -1 -1 -1 -1 -1 -1 -1 L0] [L1 0 0 0 0 0 0 0 0 0 0 0 0 0 0 0 0 L1]
 231 P     247080 [L0 230 -1 -1 -1 -1 -1 -1 -1 -1 -1 -1 -1 -1 -1 -1 -1 L0] [L1 0 0 0 0 0 0 0 0 0 0 0 0 0 0 0 0 L1]
 232 P     247520 [L0 231 -1 -1 -1 -1 -1 -1 -1 -1 -1 -1 -1 -1 -1 -1 -1 L0] [L1 0 0 0 0 0 0 0 0 0 0 0 0 0 0 0 0 L1]
 233 P     248200 [L0 232 -1 -1 -1 -1 -1 -1 -1 -1 -1 -1 -1 -1 -1 -1 -1 L0] [L1 0 0 0 0 0 0 0 0 0 0 0 0 0 0 0 0 L1]
 234 P     250224 [L0 233 -1 -1 -1 -1 -1 -1 -1 -1 -1 -1 -1 -1 -1 -1 -1 L0] [L1 0 0 0 0 0 0 0 0 0 0 0 0 0 0 0 0 L1]
 235 P     257536 [L0 234 -1 -1 -1 -1 -1 -1 -1 -1 -1 -1 -1 -1 -1 -1 -1 L0] [L1 0 0 0 0 0 0 0 0 0 0 0 0 0 0 0 0 L1]
 236 P     259400 [L0 235 -1 -1 -1 -1 -1 -1 -1 -1 -1 -1 -1 -1 -1 -1 -1 L0] [L1 0 0 0 0 0 0 0 0 0 0 0 0 0 0 0 0 L1]
 237 P     267704 [L0 236 -1 -1 -1 -1 -1 -1 -1 -1 -1 -1 -1 -1 -1 -1 -1 L0] [L1 0 0 0 0 0 0 0 0 0 0 0 0 0 0 0 0 L1]
 238 P     253488 [L0 237 -1 -1 -1 -1 -1 -1 -1 -1 -1 -1 -1 -1 -1 -1 -1 L0] [L1 0 0 0 0 0 0 0 0 0 0 0 0 0 0 0 0 L1]
 239 P     257968 [L0 238 -1 -1 -1 -1 -1 -1 -1 -1 -1 -1 -1 -1 -1 -1 -1 L0] [L1 0 0 0 0 0 0 0 0 0 0 0 0 0 0 0 0 L1]
 240 P     273752 [L0 239 -1 -1 -1 -1 -1 -1 -1 -1 -1 -1 -1 -1 -1 -1 -1 L0] [L1 0 0 0 0 0 0 0 0 0 0 0 0 0 0 0 0 L1]
 241 P     270976 [L0 240 -1 -1 -1 -1 -1 -1 -1 -1 -1 -1 -1 -1 -1 -1 -1 L0] [L1 0 0 0 0 0 0 0 0 0 0 0 0 0 0 0 0 L1]
 242 P     275848 [L0 241 -1 -1 -1 -1 -1 -1 -1 -1 -1 -1 -1 -1 -1 -1 -1 L0] [L1 0 0 0 0 0 0 0 0 0 0 0 0 0 0 0 0 L1]
 243 P     270408 [L0 242 -1 -1 -1 -1 -1 -1 -1 -1 -1 -1 -1 -1 -1 -1 -1 L0] [L1 0 0 0 0 0 0 0 0 0 0 0 0 0 0 0 0 L1]
 244 P     273768 [L0 243 -1 -1 -1 -1 -1 -1 -1 -1 -1 -1 -1 -1 -1 -1 -1 L0] [L1 0 0 0 0 0 0 0 0 0 0 0 0 0 0 0 0 L1]
 245 P     264448 [L0 244 -1 -1 -1 -1 -1 -1 -1 -1 -1 -1 -1 -1 -1 -1 -1 L0] [L1 0 0 0 0 0 0 0 0 0 0 0 0 0 0 0 0 L1]
 246 P     269704 [L0 245 -1 -1 -1 -1 -1 -1 -1 -1 -1 -1 -1 -1 -1 -1 -1 L0] [L1 0 0 0 0 0 0 0 0 0 0 0 0 0 0 0 0 L1]
 247 P     248600 [L0 246 -1 -1 -1 -1 -1 -1 -1 -1 -1 -1 -1 -1 -1 -1 -1 L0] [L1 0 0 0 0 0 0 0 0 0 0 0 0 0 0 0 0 L1]
 248 P     236432 [L0 247 -1 -1 -1 -1 -1 -1 -1 -1 -1 -1 -1 -1 -1 -1 -1 L0] [L1 0 0 0 0 0 0 0 0 0 0 0 0 0 0 0 0 L1]
 249 P     215664 [L0 248 -1 -1 -1 -1 -1 -1 -1 -1 -1 -1 -1 -1 -1 -1 -1 L0] [L1 0 0 0 0 0 0 0 0 0 0 0 0 0 0 0 0 L1]
 250 I     898712 [L0 0 0 0 0 0 0 0 0 0 0 0 0 0 0 0 0 L0] [L1 0 0 0 0 0 0 0 0 0 0 0 0 0 0 0 0 L1]
 251 P     223536 [L0 250 -1 -1 -1 -1 -1 -1 -1 -1 -1 -1 -1 -1 -1 -1 -1 L0] [L1 0 0 0 0 0 0 0 0 0 0 0 0 0 0 0 0 L1]
 252 P     270696 [L0 251 -1 -1 -1 -1 -1 -1 -1 -1 -1 -1 -1 -1 -1 -1 -1 L0] [L1 0 0 0 0 0 0 0 0 0 0 0 0 0 0 0 0 L1]
 253 P     264048 [L0 252 -1 -1 -1 -1 -1 -1 -1 -1 -1 -1 -1 -1 -1 -1 -1 L0] [L1 0 0 0 0 0 0 0 0 0 0 0 0 0 0 0 0 L1]
 254 P     282080 [L0 253 -1 -1 -1 -1 -1 -1 -1 -1 -1 -1 -1 -1 -1 -1 -1 L0] [L1 0 0 0 0 0 0 0 0 0 0 0 0 0 0 0 0 L1]
 255 P     285912 [L0 254 -1 -1 -1 -1 -1 -1 -1 -1 -1 -1 -1 -1 -1 -1 -1 L0] [L1 0 0 0 0 0 0 0 0 0 0 0 0 0 0 0 0 L1]
 256 P     293920 [L0 255 -1 -1 -1 -1 -1 -1 -1 -1 -1 -1 -1 -1 -1 -1 -1 L0] [L1 0 0 0 0 0 0 0 0 0 0 0 0 0 0 0 0 L1]
 257 P     289600 [L0 256 -1 -1 -1 -1 -1 -1 -1 -1 -1 -1 -1 -1 -1 -1 -1 L0] [L1 0 0 0 0 0 0 0 0 0 0 0 0 0 0 0 0 L1]
 258 P     294808 [L0 257 -1 -1 -1 -1 -1 -1 -1 -1 -1 -1 -1 -1 -1 -1 -1 L0] [L1 0 0 0 0 0 0 0 0 0 0 0 0 0 0 0 0 L1]
 259 P     276408 [L0 258 -1 -1 -1 -1 -1 -1 -1 -1 -1 -1 -1 -1 -1 -1 -1 L0] [L1 0 0 0 0 0 0 0 0 0 0 0 0 0 0 0 0 L1]
 260 P     279640 [L0 259 -1 -1 -1 -1 -1 -1 -1 -1 -1 -1 -1 -1 -1 -1 -1 L0] [L1 0 0 0 0 0 0 0 0 0 0 0 0 0 0 0 0 L1]
 261 P     285904 [L0 260 -1 -1 -1 -1 -1 -1 -1 -1 -1 -1 -1 -1 -1 -1 -1 L0] [L1 0 0 0 0 0 0 0 0 0 0 0 0 0 0 0 0 L1]
 262 P     291840 [L0 261 -1 -1 -1 -1 -1 -1 -1 -1 -1 -1 -1 -1 -1 -1 -1 L0] [L1 0 0 0 0 0 0 0 0 0 0 0 0 0 0 0 0 L1]
 263 P     279968 [L0 262 -1 -1 -1 -1 -1 -1 -1 -1 -1 -1 -1 -1 -1 -1 -1 L0] [L1 0 0 0 0 0 0 0 0 0 0 0 0 0 0 0 0 L1]
 264 P     283688 [L0 263 -1 -1 -1 -1 -1 -1 -1 -1 -1 -1 -1 -1 -1 -1 -1 L0] [L1 0 0 0 0 0 0 0 0 0 0 0 0 0 0 0 0 L1]
 265 P     279552 [L0 264 -1 -1 -1 -1 -1 -1 -1 -1 -1 -1 -1 -1 -1 -1 -1 L0] [L1 0 0 0 0 0 0 0 0 0 0 0 0 0 0 0 0 L1]
 266 P     274120 [L0 265 -1 -1 -1 -1 -1 -1 -1 -1 -1 -1 -1 -1 -1 -1 -1 L0] [L1 0 0 0 0 0 0 0 0 0 0 0 0 0 0 0 0 L1]
 267 P     285168 [L0 266 -1 -1 -1 -1 -1 -1 -1 -1 -1 -1 -1 -1 -1 -1 -1 L0] [L1 0 0 0 0 0 0 0 0 0 0 0 0 0 0 0 0 L1]
 268 P     287304 [L0 267 -1 -1 -1 -1 -1 -1 -1 -1 -1 -1 -1 -1 -1 -1 -1 L0] [L1 0 0 0 0 0 0 0 0 0 0 0 0 0 0 0 0 L1]
 269 P     279024 [L0 268 -1 -1 -1 -1 -1 -1 -1 -1 -1 -1 -1 -1 -1 -1 -1 L0] [L1 0 0 0 0 0 0 0 0 0 0 0 0 0 0 0 0 L1]
 270 P     292088 [L0 269 -1 -1 -1 -1 -1 -1 -1 -1 -1 -1 -1 -1 -1 -1 -1 L0] [L1 0 0 0 0 0 0 0 0 0 0 0 0 0 0 0 0 L1]
 271 P     287760 [L0 270 -1 -1 -1 -1 -1 -1 -1 -1 -1 -1 -1 -1 -1 -1 -1 L0] [L1 0 0 0 0 0 0 0 0 0 0 0 0 0 0 0 0 L1]
 272 P     293296 [L0 271 -1 -1 -1 -1 -1 -1 -1 -1 -1 -1 -1 -1 -1 -1 -1 L0] [L1 0 0 0 0 0 0 0 0 0 0 0 0 0 0 0 0 L1]
 273 P     284568 [L0 272 -1 -1 -1 -1 -1 -1 -1 -1 -1 -1 -1 -1 -1 -1 -1 L0] [L1 0 0 0 0 0 0 0 0 0 0 0 0 0 0 0 0 L1]
 274 P     284912 [L0 273 -1 -1 -1 -1 -1 -1 -1 -1 -1 -1 -1 -1 -1 -1 -1 L0] [L1 0 0 0 0 0 0 0 0 0 0 0 0 0 0 0 0 L1]
 275 P     275448 [L0 274 -1 -1 -1 -1 -1 -1 -1 -1 -1 -1 -1 -1 -1 -1 -1 L0] [L1 0 0 0 0 0 0 0 0 0 0 0 0 0 0 0 0 L1]
 276 P     279824 [L0 275 -1 -1 -1 -1 -1 -1 -1 -1 -1 -1 -1 -1 -1 -1 -1 L0] [L1 0 0 0 0 0 0 0 0 0 0 0 0 0 0 0 0 L1]
 277 P     282984 [L0 276 -1 -1 -1 -1 -1 -1 -1 -1 -1 -1 -1 -1 -1 -1 -1 L0] [L1 0 0 0 0 0 0 0 0 0 0 0 0 0 0 0 0 L1]
 278 P     283960 [L0 277 -1 -1 -1 -1 -1 -1 -1 -1 -1 -1 -1 -1 -1 -1 -1 L0] [L1 0 0 0 0 0 0 0 0 0 0 0 0 0 0 0 0 L1]
 279 P     288032 [L0 278 -1 -1 -1 -1 -1 -1 -1 -1 -1 -1 -1 -1 -1 -1 -1 L0] [L1 0 0 0 0 0 0 0 0 0 0 0 0 0 0 0 0 L1]
 280 P     279704 [L0 279 -1 -1 -1 -1 -1 -1 -1 -1 -1 -1 -1 -1 -1 -1 -1 L0] [L1 0 0 0 0 0 0 0 0 0 0 0 0 0 0 0 0 L1]
 281 P     272904 [L0 280 -1 -1 -1 -1 -1 -1 -1 -1 -1 -1 -1 -1 -1 -1 -1 L0] [L1 0 0 0 0 0 0 0 0 0 0 0 0 0 0 0 0 L1]
 282 P     274576 [L0 281 -1 -1 -1 -1 -1 -1 -1 -1 -1 -1 -1 -1 -1 -1 -1 L0] [L1 0 0 0 0 0 0 0 0 0 0 0 0 0 0 0 0 L1]
 283 P     287080 [L0 282 -1 -1 -1 -1 -1 -1 -1 -1 -1 -1 -1 -1 -1 -1 -1 L0] [L1 0 0 0 0 0 0 0 0 0 0 0 0 0 0 0 0 L1]
 284 P     278136 [L0 283 -1 -1 -1 -1 -1 -1 -1 -1 -1 -1 -1 -1 -1 -1 -1 L0] [L1 0 0 0 0 0 0 0 0 0 0 0 0 0 0 0 0 L1]
 285 P     266376 [L0 284 -1 -1 -1 -1 -1 -1 -1 -1 -1 -1 -1 -1 -1 -1 -1 L0] [L1 0 0 0 0 0 0 0 0 0 0 0 0 0 0 0 0 L1]
 286 P     270264 [L0 285 -1 -1 -1 -1 -1 -1 -1 -1 -1 -1 -1 -1 -1 -1 -1 L0] [L1 0 0 0 0 0 0 0 0 0 0 0 0 0 0 0 0 L1]
 287 P     279200 [L0 286 -1 -1 -1 -1 -1 -1 -1 -1 -1 -1 -1 -1 -1 -1 -1 L0] [L1 0 0 0 0 0 0 0 0 0 0 0 0 0 0 0 0 L1]
 288 P     271064 [L0 287 -1 -1 -1 -1 -1 -1 -1 -1 -1 -1 -1 -1 -1 -1 -1 L0] [L1 0 0 0 0 0 0 0 0 0 0 0 0 0 0 0 0 L1]
 289 P     284064 [L0 288 -1 -1 -1 -1 -1 -1 -1 -1 -1 -1 -1 -1 -1 -1 -1 L0] [L1 0 0 0 0 0 0 0 0 0 0 0 0 0 0 0 0 L1]
 290 P     289576 [L0 289 -1 -1 -1 -1 -1 -1 -1 -1 -1 -1 -1 -1 -1 -1 -1 L0] [L1 0 0 0 0 0 0 0 0 0 0 0 0 0 0 0 0 L1]
 291 P     294312 [L0 290 -1 -1 -1 -1 -1 -1 -1 -1 -1 -1 -1 -1 -1 -1 -1 L0] [L1 0 0 0 0 0 0 0 0 0 0 0 0 0 0 0 0 L1]
 292 P     289168 [L0 291 -1 -1 -1 -1 -1 -1 -1 -1 -1 -1 -1 -1 -1 -1 -1 L0] [L1 0 0 0 0 0 0 0 0 0 0 0 0 0 0 0 0 L1]
 293 P     288920 [L0 292 -1 -1 -1 -1 -1 -1 -1 -1 -1 -1 -1 -1 -1 -1 -1 L0] [L1 0 0 0 0 0 0 0 0 0 0 0 0 0 0 0 0 L1]
 294 P     277432 [L0 293 -1 -1 -1 -1 -1 -1 -1 -1 -1 -1 -1 -1 -1 -1 -1 L0] [L1 0 0 0 0 0 0 0 0 0 0 0 0 0 0 0 0 L1]
 295 P     292392 [L0 294 -1 -1 -1 -1 -1 -1 -1 -1 -1 -1 -1 -1 -1 -1 -1 L0] [L1 0 0 0 0 0 0 0 0 0 0 0 0 0 0 0 0 L1]
 296 P     294008 [L0 295 -1 -1 -1 -1 -1 -1 -1 -1 -1 -1 -1 -1 -1 -1 -1 L0] [L1 0 0 0 0 0 0 0 0 0 0 0 0 0 0 0 0 L1]
 297 P     292128 [L0 296 -1 -1 -1 -1 -1 -1 -1 -1 -1 -1 -1 -1 -1 -1 -1 L0] [L1 0 0 0 0 0 0 0 0 0 0 0 0 0 0 0 0 L1]
 298 P     297280 [L0 297 -1 -1 -1 -1 -1 -1 -1 -1 -1 -1 -1 -1 -1 -1 -1 L0] [L1 0 0 0 0 0 0 0 0 0 0 0 0 0 0 0 0 L1]
 299 P     261632 [L0 298 -1 -1 -1 -1 -1 -1 -1 -1 -1 -1 -1 -1 -1 -1 -1 L0] [L1 0 0 0 0 0 0 0 0 0 0 0 0 0 0 0 0 L1]
 300 P     274928 [L0 299 -1 -1 -1 -1 -1 -1 -1 -1 -1 -1 -1 -1 -1 -1 -1 L0] [L1 0 0 0 0 0 0 0 0 0 0 0 0 0 0 0 0 L1]
 301 P     288072 [L0 300 -1 -1 -1 -1 -1 -1 -1 -1 -1 -1 -1 -1 -1 -1 -1 L0] [L1 0 0 0 0 0 0 0 0 0 0 0 0 0 0 0 0 L1]
 302 P     257272 [L0 301 -1 -1 -1 -1 -1 -1 -1 -1 -1 -1 -1 -1 -1 -1 -1 L0] [L1 0 0 0 0 0 0 0 0 0 0 0 0 0 0 0 0 L1]
 303 P     266416 [L0 302 -1 -1 -1 -1 -1 -1 -1 -1 -1 -1 -1 -1 -1 -1 -1 L0] [L1 0 0 0 0 0 0 0 0 0 0 0 0 0 0 0 0 L1]
 304 P     291656 [L0 303 -1 -1 -1 -1 -1 -1 -1 -1 -1 -1 -1 -1 -1 -1 -1 L0] [L1 0 0 0 0 0 0 0 0 0 0 0 0 0 0 0 0 L1]
 305 P     281904 [L0 304 -1 -1 -1 -1 -1 -1 -1 -1 -1 -1 -1 -1 -1 -1 -1 L0] [L1 0 0 0 0 0 0 0 0 0 0 0 0 0 0 0 0 L1]
 306 P     285504 [L0 305 -1 -1 -1 -1 -1 -1 -1 -1 -1 -1 -1 -1 -1 -1 -1 L0] [L1 0 0 0 0 0 0 0 0 0 0 0 0 0 0 0 0 L1]
 307 P     277784 [L0 306 -1 -1 -1 -1 -1 -1 -1 -1 -1 -1 -1 -1 -1 -1 -1 L0] [L1 0 0 0 0 0 0 0 0 0 0 0 0 0 0 0 0 L1]
 308 P     291248 [L0 307 -1 -1 -1 -1 -1 -1 -1 -1 -1 -1 -1 -1 -1 -1 -1 L0] [L1 0 0 0 0 0 0 0 0 0 0 0 0 0 0 0 0 L1]
 309 P     289840 [L0 308 -1 -1 -1 -1 -1 -1 -1 -1 -1 -1 -1 -1 -1 -1 -1 L0] [L1 0 0 0 0 0 0 0 0 0 0 0 0 0 0 0 0 L1]
 310 P     289976 [L0 309 -1 -1 -1 -1 -1 -1 -1 -1 -1 -1 -1 -1 -1 -1 -1 L0] [L1 0 0 0 0 0 0 0 0 0 0 0 0 0 0 0 0 L1]
 311 P     300072 [L0 310 -1 -1 -1 -1 -1 -1 -1 -1 -1 -1 -1 -1 -1 -1 -1 L0] [L1 0 0 0 0 0 0 0 0 0 0 0 0 0 0 0 0 L1]
 312 P     294256 [L0 311 -1 -1 -1 -1 -1 -1 -1 -1 -1 -1 -1 -1 -1 -1 -1 L0] [L1 0 0 0 0 0 0 0 0 0 0 0 0 0 0 0 0 L1]
 313 P     284592 [L0 312 -1 -1 -1 -1 -1 -1 -1 -1 -1 -1 -1 -1 -1 -1 -1 L0] [L1 0 0 0 0 0 0 0 0 0 0 0 0 0 0 0 0 L1]
 314 P     275320 [L0 313 -1 -1 -1 -1 -1 -1 -1 -1 -1 -1 -1 -1 -1 -1 -1 L0] [L1 0 0 0 0 0 0 0 0 0 0 0 0 0 0 0 0 L1]
 315 P     296512 [L0 314 -1 -1 -1 -1 -1 -1 -1 -1 -1 -1 -1 -1 -1 -1 -1 L0] [L1 0 0 0 0 0 0 0 0 0 0 0 0 0 0 0 0 L1]
 316 P     291456 [L0 315 -1 -1 -1 -1 -1 -1 -1 -1 -1 -1 -1 -1 -1 -1 -1 L0] [L1 0 0 0 0 0 0 0 0 0 0 0 0 0 0 0 0 L1]
 317 P     265032 [L0 316 -1 -1 -1 -1 -1 -1 -1 -1 -1 -1 -1 -1 -1 -1 -1 L0] [L1 0 0 0 0 0 0 0 0 0 0 0 0 0 0 0 0 L1]
 318 P     266432 [L0 317 -1 -1 -1 -1 -1 -1 -1 -1 -1 -1 -1 -1 -1 -1 -1 L0] [L1 0 0 0 0 0 0 0 0 0 0 0 0 0 0 0 0 L1]
 319 P     277528 [L0 318 -1 -1 -1 -1 -1 -1 -1 -1 -1 -1 -1 -1 -1 -1 -1 L0] [L1 0 0 0 0 0 0 0 0 0 0 0 0 0 0 0 0 L1]
 320 P     283632 [L0 319 -1 -1 -1 -1 -1 -1 -1 -1 -1 -1 -1 -1 -1 -1 -1 L0] [L1 0 0 0 0 0 0 0 0 0 0 0 0 0 0 0 0 L1]
 321 P     280064 [L0 320 -1 -1 -1 -1 -1 -1 -1 -1 -1 -1 -1 -1 -1 -1 -1 L0] [L1 0 0 0 0 0 0 0 0 0 0 0 0 0 0 0 0 L1]
 322 P     281904 [L0 321 -1 -1 -1 -1 -1 -1 -1 -1 -1 -1 -1 -1 -1 -1 -1 L0] [L1 0 0 0 0 0 0 0 0 0 0 0 0 0 0 0 0 L1]
 323 P     270776 [L0 322 -1 -1 -1 -1 -1 -1 -1 -1 -1 -1 -1 -1 -1 -1 -1 L0] [L1 0 0 0 0 0 0 0 0 0 0 0 0 0 0 0 0 L1]
 324 P     274336 [L0 323 -1 -1 -1 -1 -1 -1 -1 -1 -1 -1 -1 -1 -1 -1 -1 L0] [L1 0 0 0 0 0 0 0 0 0 0 0 0 0 0 0 0 L1]
 325 P     261368 [L0 324 -1 -1 -1 -1 -1 -1 -1 -1 -1 -1 -1 -1 -1 -1 -1 L0] [L1 0 0 0 0 0 0 0 0 0 0 0 0 0 0 0 0 L1]
 326 P     278696 [L0 325 -1 -1 -1 -1 -1 -1 -1 -1 -1 -1 -1 -1 -1 -1 -1 L0] [L1 0 0 0 0 0 0 0 0 0 0 0 0 0 0 0 0 L1]
 327 P     291288 [L0 326 -1 -1 -1 -1 -1 -1 -1 -1 -1 -1 -1 -1 -1 -1 -1 L0] [L1 0 0 0 0 0 0 0 0 0 0 0 0 0 0 0 0 L1]
 328 P     275440 [L0 327 -1 -1 -1 -1 -1 -1 -1 -1 -1 -1 -1 -1 -1 -1 -1 L0] [L1 0 0 0 0 0 0 0 0 0 0 0 0 0 0 0 0 L1]
 329 P     294520 [L0 328 -1 -1 -1 -1 -1 -1 -1 -1 -1 -1 -1 -1 -1 -1 -1 L0] [L1 0 0 0 0 0 0 0 0 0 0 0 0 0 0 0 0 L1]
 330 P     299664 [L0 329 -1 -1 -1 -1 -1 -1 -1 -1 -1 -1 -1 -1 -1 -1 -1 L0] [L1 0 0 0 0 0 0 0 0 0 0 0 0 0 0 0 0 L1]
 331 P     286296 [L0 330 -1 -1 -1 -1 -1 -1 -1 -1 -1 -1 -1 -1 -1 -1 -1 L0] [L1 0 0 0 0 0 0 0 0 0 0 0 0 0 0 0 0 L1]
 332 P     289608 [L0 331 -1 -1 -1 -1 -1 -1 -1 -1 -1 -1 -1 -1 -1 -1 -1 L0] [L1 0 0 0 0 0 0 0 0 0 0 0 0 0 0 0 0 L1]
 333 P     261416 [L0 332 -1 -1 -1 -1 -1 -1 -1 -1 -1 -1 -1 -1 -1 -1 -1 L0] [L1 0 0 0 0 0 0 0 0 0 0 0 0 0 0 0 0 L1]
 334 P     276192 [L0 333 -1 -1 -1 -1 -1 -1 -1 -1 -1 -1 -1 -1 -1 -1 -1 L0] [L1 0 0 0 0 0 0 0 0 0 0 0 0 0 0 0 0 L1]
 335 P     267336 [L0 334 -1 -1 -1 -1 -1 -1 -1 -1 -1 -1 -1 -1 -1 -1 -1 L0] [L1 0 0 0 0 0 0 0 0 0 0 0 0 0 0 0 0 L1]
 336 P     276576 [L0 335 -1 -1 -1 -1 -1 -1 -1 -1 -1 -1 -1 -1 -1 -1 -1 L0] [L1 0 0 0 0 0 0 0 0 0 0 0 0 0 0 0 0 L1]
 337 P     260040 [L0 336 -1 -1 -1 -1 -1 -1 -1 -1 -1 -1 -1 -1 -1 -1 -1 L0] [L1 0 0 0 0 0 0 0 0 0 0 0 0 0 0 0 0 L1]
 338 P     275344 [L0 337 -1 -1 -1 -1 -1 -1 -1 -1 -1 -1 -1 -1 -1 -1 -1 L0] [L1 0 0 0 0 0 0 0 0 0 0 0 0 0 0 0 0 L1]
 339 P     263240 [L0 338 -1 -1 -1 -1 -1 -1 -1 -1 -1 -1 -1 -1 -1 -1 -1 L0] [L1 0 0 0 0 0 0 0 0 0 0 0 0 0 0 0 0 L1]
 340 P     281872 [L0 339 -1 -1 -1 -1 -1 -1 -1 -1 -1 -1 -1 -1 -1 -1 -1 L0] [L1 0 0 0 0 0 0 0 0 0 0 0 0 0 0 0 0 L1]
 341 P     270920 [L0 340 -1 -1 -1 -1 -1 -1 -1 -1 -1 -1 -1 -1 -1 -1 -1 L0] [L1 0 0 0 0 0 0 0 0 0 0 0 0 0 0 0 0 L1]
 342 P     266120 [L0 341 -1 -1 -1 -1 -1 -1 -1 -1 -1 -1 -1 -1 -1 -1 -1 L0] [L1 0 0 0 0 0 0 0 0 0 0 0 0 0 0 0 0 L1]
 343 P     268616 [L0 342 -1 -1 -1 -1 -1 -1 -1 -1 -1 -1 -1 -1 -1 -1 -1 L0] [L1 0 0 0 0 0 0 0 0 0 0 0 0 0 0 0 0 L1]
 344 P     274296 [L0 343 -1 -1 -1 -1 -1 -1 -1 -1 -1 -1 -1 -1 -1 -1 -1 L0] [L1 0 0 0 0 0 0 0 0 0 0 0 0 0 0 0 0 L1]
 345 P     276008 [L0 344 -1 -1 -1 -1 -1 -1 -1 -1 -1 -1 -1 -1 -1 -1 -1 L0] [L1 0 0 0 0 0 0 0 0 0 0 0 0 0 0 0 0 L1]
 346 P     296920 [L0 345 -1 -1 -1 -1 -1 -1 -1 -1 -1 -1 -1 -1 -1 -1 -1 L0] [L1 0 0 0 0 0 0 0 0 0 0 0 0 0 0 0 0 L1]
 347 P     291544 [L0 346 -1 -1 -1 -1 -1 -1 -1 -1 -1 -1 -1 -1 -1 -1 -1 L0] [L1 0 0 0 0 0 0 0 0 0 0 0 0 0 0 0 0 L1]
 348 P     268672 [L0 347 -1 -1 -1 -1 -1 -1 -1 -1 -1 -1 -1 -1 -1 -1 -1 L0] [L1 0 0 0 0 0 0 0 0 0 0 0 0 0 0 0 0 L1]
 349 P     266584 [L0 348 -1 -1 -1 -1 -1 -1 -1 -1 -1 -1 -1 -1 -1 -1 -1 L0] [L1 0 0 0 0 0 0 0 0 0 0 0 0 0 0 0 0 L1]
 350 P     281536 [L0 349 -1 -1 -1 -1 -1 -1 -1 -1 -1 -1 -1 -1 -1 -1 -1 L0] [L1 0 0 0 0 0 0 0 0 0 0 0 0 0 0 0 0 L1]
 351 P     295184 [L0 350 -1 -1 -1 -1 -1 -1 -1 -1 -1 -1 -1 -1 -1 -1 -1 L0] [L1 0 0 0 0 0 0 0 0 0 0 0 0 0 0 0 0 L1]
 352 P     282016 [L0 351 -1 -1 -1 -1 -1 -1 -1 -1 -1 -1 -1 -1 -1 -1 -1 L0] [L1 0 0 0 0 0 0 0 0 0 0 0 0 0 0 0 0 L1]
 353 P     297232 [L0 352 -1 -1 -1 -1 -1 -1 -1 -1 -1 -1 -1 -1 -1 -1 -1 L0] [L1 0 0 0 0 0 0 0 0 0 0 0 0 0 0 0 0 L1]
 354 P     295896 [L0 353 -1 -1 -1 -1 -1 -1 -1 -1 -1 -1 -1 -1 -1 -1 -1 L0] [L1 0 0 0 0 0 0 0 0 0 0 0 0 0 0 0 0 L1]
 355 P     290472 [L0 354 -1 -1 -1 -1 -1 -1 -1 -1 -1 -1 -1 -1 -1 -1 -1 L0] [L1 0 0 0 0 0 0 0 0 0 0 0 0 0 0 0 0 L1]
 356 P     280088 [L0 355 -1 -1 -1 -1 -1 -1 -1 -1 -1 -1 -1 -1 -1 -1 -1 L0] [L1 0 0 0 0 0 0 0 0 0 0 0 0 0 0 0 0 L1]
 357 P     267856 [L0 356 -1 -1 -1 -1 -1 -1 -1 -1 -1 -1 -1 -1 -1 -1 -1 L0] [L1 0 0 0 0 0 0 0 0 0 0 0 0 0 0 0 0 L1]
 358 P     271896 [L0 357 -1 -1 -1 -1 -1 -1 -1 -1 -1 -1 -1 -1 -1 -1 -1 L0] [L1 0 0 0 0 0 0 0 0 0 0 0 0 0 0 0 0 L1]
 359 P     279928 [L0 358 -1 -1 -1 -1 -1 -1 -1 -1 -1 -1 -1 -1 -1 -1 -1 L0] [L1 0 0 0 0 0 0 0 0 0 0 0 0 0 0 0 0 L1]
 360 P     270872 [L0 359 -1 -1 -1 -1 -1 -1 -1 -1 -1 -1 -1 -1 -1 -1 -1 L0] [L1 0 0 0 0 0 0 0 0 0 0 0 0 0 0 0 0 L1]
 361 P     255496 [L0 360 -1 -1 -1 -1 -1 -1 -1 -1 -1 -1 -1 -1 -1 -1 -1 L0] [L1 0 0 0 0 0 0 0 0 0 0 0 0 0 0 0 0 L1]
 362 P     277448 [L0 361 -1 -1 -1 -1 -1 -1 -1 -1 -1 -1 -1 -1 -1 -1 -1 L0] [L1 0 0 0 0 0 0 0 0 0 0 0 0 0 0 0 0 L1]
 363 P     289472 [L0 362 -1 -1 -1 -1 -1 -1 -1 -1 -1 -1 -1 -1 -1 -1 -1 L0] [L1 0 0 0 0 0 0 0 0 0 0 0 0 0 0 0 0 L1]
 364 P     281992 [L0 363 -1 -1 -1 -1 -1 -1 -1 -1 -1 -1 -1 -1 -1 -1 -1 L0] [L1 0 0 0 0 0 0 0 0 0 0 0 0 0 0 0 0 L1]
 365 P     285088 [L0 364 -1 -1 -1 -1 -1 -1 -1 -1 -1 -1 -1 -1 -1 -1 -1 L0] [L1 0 0 0 0 0 0 0 0 0 0 0 0 0 0 0 0 L1]
 366 P     277296 [L0 365 -1 -1 -1 -1 -1 -1 -1 -1 -1 -1 -1 -1 -1 -1 -1 L0] [L1 0 0 0 0 0 0 0 0 0 0 0 0 0 0 0 0 L1]
 367 P     268672 [L0 366 -1 -1 -1 -1 -1 -1 -1 -1 -1 -1 -1 -1 -1 -1 -1 L0] [L1 0 0 0 0 0 0 0 0 0 0 0 0 0 0 0 0 L1]
 368 P     269000 [L0 367 -1 -1 -1 -1 -1 -1 -1 -1 -1 -1 -1 -1 -1 -1 -1 L0] [L1 0 0 0 0 0 0 0 0 0 0 0 0 0 0 0 0 L1]
 369 P     264384 [L0 368 -1 -1 -1 -1 -1 -1 -1 -1 -1 -1 -1 -1 -1 -1 -1 L0] [L1 0 0 0 0 0 0 0 0 0 0 0 0 0 0 0 0 L1]
 370 P     262016 [L0 369 -1 -1 -1 -1 -1 -1 -1 -1 -1 -1 -1 -1 -1 -1 -1 L0] [L1 0 0 0 0 0 0 0 0 0 0 0 0 0 0 0 0 L1]
 371 P     252360 [L0 370 -1 -1 -1 -1 -1 -1 -1 -1 -1 -1 -1 -1 -1 -1 -1 L0] [L1 0 0 0 0 0 0 0 0 0 0 0 0 0 0 0 0 L1]
 372 P     260416 [L0 371 -1 -1 -1 -1 -1 -1 -1 -1 -1 -1 -1 -1 -1 -1 -1 L0] [L1 0 0 0 0 0 0 0 0 0 0 0 0 0 0 0 0 L1]
 373 P     278072 [L0 372 -1 -1 -1 -1 -1 -1 -1 -1 -1 -1 -1 -1 -1 -1 -1 L0] [L1 0 0 0 0 0 0 0 0 0 0 0 0 0 0 0 0 L1]
 374 P     266144 [L0 373 -1 -1 -1 -1 -1 -1 -1 -1 -1 -1 -1 -1 -1 -1 -1 L0] [L1 0 0 0 0 0 0 0 0 0 0 0 0 0 0 0 0 L1]
 375 P     256408 [L0 374 -1 -1 -1 -1 -1 -1 -1 -1 -1 -1 -1 -1 -1 -1 -1 L0] [L1 0 0 0 0 0 0 0 0 0 0 0 0 0 0 0 0 L1]
 376 P     239000 [L0 375 -1 -1 -1 -1 -1 -1 -1 -1 -1 -1 -1 -1 -1 -1 -1 L0] [L1 0 0 0 0 0 0 0 0 0 0 0 0 0 0 0 0 L1]
 377 P     251288 [L0 376 -1 -1 -1 -1 -1 -1 -1 -1 -1 -1 -1 -1 -1 -1 -1 L0] [L1 0 0 0 0 0 0 0 0 0 0 0 0 0 0 0 0 L1]
 378 P     245264 [L0 377 -1 -1 -1 -1 -1 -1 -1 -1 -1 -1 -1 -1 -1 -1 -1 L0] [L1 0 0 0 0 0 0 0 0 0 0 0 0 0 0 0 0 L1]
 379 P     243344 [L0 378 -1 -1 -1 -1 -1 -1 -1 -1 -1 -1 -1 -1 -1 -1 -1 L0] [L1 0 0 0 0 0 0 0 0 0 0 0 0 0 0 0 0 L1]
 380 P     217440 [L0 379 -1 -1 -1 -1 -1 -1 -1 -1 -1 -1 -1 -1 -1 -1 -1 L0] [L1 0 0 0 0 0 0 0 0 0 0 0 0 0 0 0 0 L1]
 381 P     223832 [L0 380 -1 -1 -1 -1 -1 -1 -1 -1 -1 -1 -1 -1 -1 -1 -1 L0] [L1 0 0 0 0 0 0 0 0 0 0 0 0 0 0 0 0 L1]
 382 P     230184 [L0 381 -1 -1 -1 -1 -1 -1 -1 -1 -1 -1 -1 -1 -1 -1 -1 L0] [L1 0 0 0 0 0 0 0 0 0 0 0 0 0 0 0 0 L1]
 383 P     230584 [L0 382 -1 -1 -1 -1 -1 -1 -1 -1 -1 -1 -1 -1 -1 -1 -1 L0] [L1 0 0 0 0 0 0 0 0 0 0 0 0 0 0 0 0 L1]
 384 P     211064 [L0 383 -1 -1 -1 -1 -1 -1 -1 -1 -1 -1 -1 -1 -1 -1 -1 L0] [L1 0 0 0 0 0 0 0 0 0 0 0 0 0 0 0 0 L1]
 385 P     207504 [L0 384 -1 -1 -1 -1 -1 -1 -1 -1 -1 -1 -1 -1 -1 -1 -1 L0] [L1 0 0 0 0 0 0 0 0 0 0 0 0 0 0 0 0 L1]
 386 P     186328 [L0 385 -1 -1 -1 -1 -1 -1 -1 -1 -1 -1 -1 -1 -1 -1 -1 L0] [L1 0 0 0 0 0 0 0 0 0 0 0 0 0 0 0 0 L1]
 387 P     207880 [L0 386 -1 -1 -1 -1 -1 -1 -1 -1 -1 -1 -1 -1 -1 -1 -1 L0] [L1 0 0 0 0 0 0 0 0 0 0 0 0 0 0 0 0 L1]
 388 P     217272 [L0 387 -1 -1 -1 -1 -1 -1 -1 -1 -1 -1 -1 -1 -1 -1 -1 L0] [L1 0 0 0 0 0 0 0 0 0 0 0 0 0 0 0 0 L1]
 389 P     229912 [L0 388 -1 -1 -1 -1 -1 -1 -1 -1 -1 -1 -1 -1 -1 -1 -1 L0] [L1 0 0 0 0 0 0 0 0 0 0 0 0 0 0 0 0 L1]
 390 P     218680 [L0 389 -1 -1 -1 -1 -1 -1 -1 -1 -1 -1 -1 -1 -1 -1 -1 L0] [L1 0 0 0 0 0 0 0 0 0 0 0 0 0 0 0 0 L1]
 391 P     227192 [L0 390 -1 -1 -1 -1 -1 -1 -1 -1 -1 -1 -1 -1 -1 -1 -1 L0] [L1 0 0 0 0 0 0 0 0 0 0 0 0 0 0 0 0 L1]
 392 P     210536 [L0 391 -1 -1 -1 -1 -1 -1 -1 -1 -1 -1 -1 -1 -1 -1 -1 L0] [L1 0 0 0 0 0 0 0 0 0 0 0 0 0 0 0 0 L1]
 393 P     196096 [L0 392 -1 -1 -1 -1 -1 -1 -1 -1 -1 -1 -1 -1 -1 -1 -1 L0] [L1 0 0 0 0 0 0 0 0 0 0 0 0 0 0 0 0 L1]
 394 P     208560 [L0 393 -1 -1 -1 -1 -1 -1 -1 -1 -1 -1 -1 -1 -1 -1 -1 L0] [L1 0 0 0 0 0 0 0 0 0 0 0 0 0 0 0 0 L1]
 395 P     218808 [L0 394 -1 -1 -1 -1 -1 -1 -1 -1 -1 -1 -1 -1 -1 -1 -1 L0] [L1 0 0 0 0 0 0 0 0 0 0 0 0 0 0 0 0 L1]
 396 P     212864 [L0 395 -1 -1 -1 -1 -1 -1 -1 -1 -1 -1 -1 -1 -1 -1 -1 L0] [L1 0 0 0 0 0 0 0 0 0 0 0 0 0 0 0 0 L1]
 397 P     221624 [L0 396 -1 -1 -1 -1 -1 -1 -1 -1 -1 -1 -1 -1 -1 -1 -1 L0] [L1 0 0 0 0 0 0 0 0 0 0 0 0 0 0 0 0 L1]
 398 P     208256 [L0 397 -1 -1 -1 -1 -1 -1 -1 -1 -1 -1 -1 -1 -1 -1 -1 L0] [L1 0 0 0 0 0 0 0 0 0 0 0 0 0 0 0 0 L1]
 399 P     214632 [L0 398 -1 -1 -1 -1 -1 -1 -1 -1 -1 -1 -1 -1 -1 -1 -1 L0] [L1 0 0 0 0 0 0 0 0 0 0 0 0 0 0 0 0 L1]
 400 P     201768 [L0 399 -1 -1 -1 -1 -1 -1 -1 -1 -1 -1 -1 -1 -1 -1 -1 L0] [L1 0 0 0 0 0 0 0 0 0 0 0 0 0 0 0 0 L1]
 401 P     201184 [L0 400 -1 -1 -1 -1 -1 -1 -1 -1 -1 -1 -1 -1 -1 -1 -1 L0] [L1 0 0 0 0 0 0 0 0 0 0 0 0 0 0 0 0 L1]
 402 P     204656 [L0 401 -1 -1 -1 -1 -1 -1 -1 -1 -1 -1 -1 -1 -1 -1 -1 L0] [L1 0 0 0 0 0 0 0 0 0 0 0 0 0 0 0 0 L1]
 403 P     207016 [L0 402 -1 -1 -1 -1 -1 -1 -1 -1 -1 -1 -1 -1 -1 -1 -1 L0] [L1 0 0 0 0 0 0 0 0 0 0 0 0 0 0 0 0 L1]
 404 P     201968 [L0 403 -1 -1 -1 -1 -1 -1 -1 -1 -1 -1 -1 -1 -1 -1 -1 L0] [L1 0 0 0 0 0 0 0 0 0 0 0 0 0 0 0 0 L1]
 405 P     200360 [L0 404 -1 -1 -1 -1 -1 -1 -1 -1 -1 -1 -1 -1 -1 -1 -1 L0] [L1 0 0 0 0 0 0 0 0 0 0 0 0 0 0 0 0 L1]
 406 P     194272 [L0 405 -1 -1 -1 -1 -1 -1 -1 -1 -1 -1 -1 -1 -1 -1 -1 L0] [L1 0 0 0 0 0 0 0 0 0 0 0 0 0 0 0 0 L1]
 407 P     196184 [L0 406 -1 -1 -1 -1 -1 -1 -1 -1 -1 -1 -1 -1 -1 -1 -1 L0] [L1 0 0 0 0 0 0 0 0 0 0 0 0 0 0 0 0 L1]
 408 P     188440 [L0 407 -1 -1 -1 -1 -1 -1 -1 -1 -1 -1 -1 -1 -1 -1 -1 L0] [L1 0 0 0 0 0 0 0 0 0 0 0 0 0 0 0 0 L1]
 409 P     179136 [L0 408 -1 -1 -1 -1 -1 -1 -1 -1 -1 -1 -1 -1 -1 -1 -1 L0] [L1 0 0 0 0 0 0 0 0 0 0 0 0 0 0 0 0 L1]
 410 P     188848 [L0 409 -1 -1 -1 -1 -1 -1 -1 -1 -1 -1 -1 -1 -1 -1 -1 L0] [L1 0 0 0 0 0 0 0 0 0 0 0 0 0 0 0 0 L1]
 411 P     201864 [L0 410 -1 -1 -1 -1 -1 -1 -1 -1 -1 -1 -1 -1 -1 -1 -1 L0] [L1 0 0 0 0 0 0 0 0 0 0 0 0 0 0 0 0 L1]
 412 P     200392 [L0 411 -1 -1 -1 -1 -1 -1 -1 -1 -1 -1 -1 -1 -1 -1 -1 L0] [L1 0 0 0 0 0 0 0 0 0 0 0 0 0 0 0 0 L1]
 413 P     184280 [L0 412 -1 -1 -1 -1 -1 -1 -1 -1 -1 -1 -1 -1 -1 -1 -1 L0] [L1 0 0 0 0 0 0 0 0 0 0 0 0 0 0 0 0 L1]
 414 P     181024 [L0 413 -1 -1 -1 -1 -1 -1 -1 -1 -1 -1 -1 -1 -1 -1 -1 L0] [L1 0 0 0 0 0 0 0 0 0 0 0 0 0 0 0 0 L1]
 415 P     182400 [L0 414 -1 -1 -1 -1 -1 -1 -1 -1 -1 -1 -1 -1 -1 -1 -1 L0] [L1 0 0 0 0 0 0 0 0 0 0 0 0 0 0 0 0 L1]
 416 P     172448 [L0 415 -1 -1 -1 -1 -1 -1 -1 -1 -1 -1 -1 -1 -1 -1 -1 L0] [L1 0 0 0 0 0 0 0 0 0 0 0 0 0 0 0 0 L1]
 417 P     185736 [L0 416 -1 -1 -1 -1 -1 -1 -1 -1 -1 -1 -1 -1 -1 -1 -1 L0] [L1 0 0 0 0 0 0 0 0 0 0 0 0 0 0 0 0 L1]
 418 P     196784 [L0 417 -1 -1 -1 -1 -1 -1 -1 -1 -1 -1 -1 -1 -1 -1 -1 L0] [L1 0 0 0 0 0 0 0 0 0 0 0 0 0 0 0 0 L1]
 419 P     206840 [L0 418 -1 -1 -1 -1 -1 -1 -1 -1 -1 -1 -1 -1 -1 -1 -1 L0] [L1 0 0 0 0 0 0 0 0 0 0 0 0 0 0 0 0 L1]
 420 P     201904 [L0 419 -1 -1 -1 -1 -1 -1 -1 -1 -1 -1 -1 -1 -1 -1 -1 L0] [L1 0 0 0 0 0 0 0 0 0 0 0 0 0 0 0 0 L1]
 421 P     203176 [L0 420 -1 -1 -1 -1 -1 -1 -1 -1 -1 -1 -1 -1 -1 -1 -1 L0] [L1 0 0 0 0 0 0 0 0 0 0 0 0 0 0 0 0 L1]
 422 P     194824 [L0 421 -1 -1 -1 -1 -1 -1 -1 -1 -1 -1 -1 -1 -1 -1 -1 L0] [L1 0 0 0 0 0 0 0 0 0 0 0 0 0 0 0 0 L1]
 423 P     186440 [L0 422 -1 -1 -1 -1 -1 -1 -1 -1 -1 -1 -1 -1 -1 -1 -1 L0] [L1 0 0 0 0 0 0 0 0 0 0 0 0 0 0 0 0 L1]
 424 P     184440 [L0 423 -1 -1 -1 -1 -1 -1 -1 -1 -1 -1 -1 -1 -1 -1 -1 L0] [L1 0 0 0 0 0 0 0 0 0 0 0 0 0 0 0 0 L1]
 425 P     185928 [L0 424 -1 -1 -1 -1 -1 -1 -1 -1 -1 -1 -1 -1 -1 -1 -1 L0] [L1 0 0 0 0 0 0 0 0 0 0 0 0 0 0 0 0 L1]
 426 P     183920 [L0 425 -1 -1 -1 -1 -1 -1 -1 -1 -1 -1 -1 -1 -1 -1 -1 L0] [L1 0 0 0 0 0 0 0 0 0 0 0 0 0 0 0 0 L1]
 427 P     176472 [L0 426 -1 -1 -1 -1 -1 -1 -1 -1 -1 -1 -1 -1 -1 -1 -1 L0] [L1 0 0 0 0 0 0 0 0 0 0 0 0 0 0 0 0 L1]
 428 P     179304 [L0 427 -1 -1 -1 -1 -1 -1 -1 -1 -1 -1 -1 -1 -1 -1 -1 L0] [L1 0 0 0 0 0 0 0 0 0 0 0 0 0 0 0 0 L1]
 429 P     191424 [L0 428 -1 -1 -1 -1 -1 -1 -1 -1 -1 -1 -1 -1 -1 -1 -1 L0] [L1 0 0 0 0 0 0 0 0 0 0 0 0 0 0 0 0 L1]
 430 P     201688 [L0 429 -1 -1 -1 -1 -1 -1 -1 -1 -1 -1 -1 -1 -1 -1 -1 L0] [L1 0 0 0 0 0 0 0 0 0 0 0 0 0 0 0 0 L1]
 431 P     195608 [L0 430 -1 -1 -1 -1 -1 -1 -1 -1 -1 -1 -1 -1 -1 -1 -1 L0] [L1 0 0 0 0 0 0 0 0 0 0 0 0 0 0 0 0 L1]
 432 P     192088 [L0 431 -1 -1 -1 -1 -1 -1 -1 -1 -1 -1 -1 -1 -1 -1 -1 L0] [L1 0 0 0 0 0 0 0 0 0 0 0 0 0 0 0 0 L1]
 433 P     190152 [L0 432 -1 -1 -1 -1 -1 -1 -1 -1 -1 -1 -1 -1 -1 -1 -1 L0] [L1 0 0 0 0 0 0 0 0 0 0 0 0 0 0 0 0 L1]
 434 P     175184 [L0 433 -1 -1 -1 -1 -1 -1 -1 -1 -1 -1 -1 -1 -1 -1 -1 L0] [L1 0 0 0 0 0 0 0 0 0 0 0 0 0 0 0 0 L1]
 435 P     179304 [L0 434 -1 -1 -1 -1 -1 -1 -1 -1 -1 -1 -1 -1 -1 -1 -1 L0] [L1 0 0 0 0 0 0 0 0 0 0 0 0 0 0 0 0 L1]
 436 P     212480 [L0 435 -1 -1 -1 -1 -1 -1 -1 -1 -1 -1 -1 -1 -1 -1 -1 L0] [L1 0 0 0 0 0 0 0 0 0 0 0 0 0 0 0 0 L1]
 437 P     202392 [L0 436 -1 -1 -1 -1 -1 -1 -1 -1 -1 -1 -1 -1 -1 -1 -1 L0] [L1 0 0 0 0 0 0 0 0 0 0 0 0 0 0 0 0 L1]
 438 P     202808 [L0 437 -1 -1 -1 -1 -1 -1 -1 -1 -1 -1 -1 -1 -1 -1 -1 L0] [L1 0 0 0 0 0 0 0 0 0 0 0 0 0 0 0 0 L1]
 439 P     212696 [L0 438 -1 -1 -1 -1 -1 -1 -1 -1 -1 -1 -1 -1 -1 -1 -1 L0] [L1 0 0 0 0 0 0 0 0 0 0 0 0 0 0 0 0 L1]
 440 P     190824 [L0 439 -1 -1 -1 -1 -1 -1 -1 -1 -1 -1 -1 -1 -1 -1 -1 L0] [L1 0 0 0 0 0 0 0 0 0 0 0 0 0 0 0 0 L1]
 441 P     190816 [L0 440 -1 -1 -1 -1 -1 -1 -1 -1 -1 -1 -1 -1 -1 -1 -1 L0] [L1 0 0 0 0 0 0 0 0 0 0 0 0 0 0 0 0 L1]
 442 P     204216 [L0 441 -1 -1 -1 -1 -1 -1 -1 -1 -1 -1 -1 -1 -1 -1 -1 L0] [L1 0 0 0 0 0 0 0 0 0 0 0 0 0 0 0 0 L1]
 443 P     189128 [L0 442 -1 -1 -1 -1 -1 -1 -1 -1 -1 -1 -1 -1 -1 -1 -1 L0] [L1 0 0 0 0 0 0 0 0 0 0 0 0 0 0 0 0 L1]
 444 P     197008 [L0 443 -1 -1 -1 -1 -1 -1 -1 -1 -1 -1 -1 -1 -1 -1 -1 L0] [L1 0 0 0 0 0 0 0 0 0 0 0 0 0 0 0 0 L1]
 445 P     200216 [L0 444 -1 -1 -1 -1 -1 -1 -1 -1 -1 -1 -1 -1 -1 -1 -1 L0] [L1 0 0 0 0 0 0 0 0 0 0 0 0 0 0 0 0 L1]
 446 P     219160 [L0 445 -1 -1 -1 -1 -1 -1 -1 -1 -1 -1 -1 -1 -1 -1 -1 L0] [L1 0 0 0 0 0 0 0 0 0 0 0 0 0 0 0 0 L1]
 447 P     179232 [L0 446 -1 -1 -1 -1 -1 -1 -1 -1 -1 -1 -1 -1 -1 -1 -1 L0] [L1 0 0 0 0 0 0 0 0 0 0 0 0 0 0 0 0 L1]
 448 P     182760 [L0 447 -1 -1 -1 -1 -1 -1 -1 -1 -1 -1 -1 -1 -1 -1 -1 L0] [L1 0 0 0 0 0 0 0 0 0 0 0 0 0 0 0 0 L1]
 449 P     178320 [L0 448 -1 -1 -1 -1 -1 -1 -1 -1 -1 -1 -1 -1 -1 -1 -1 L0] [L1 0 0 0 0 0 0 0 0 0 0 0 0 0 0 0 0 L1]
 450 P     191240 [L0 449 -1 -1 -1 -1 -1 -1 -1 -1 -1 -1 -1 -1 -1 -1 -1 L0] [L1 0 0 0 0 0 0 0 0 0 0 0 0 0 0 0 0 L1]
 451 P     197640 [L0 450 -1 -1 -1 -1 -1 -1 -1 -1 -1 -1 -1 -1 -1 -1 -1 L0] [L1 0 0 0 0 0 0 0 0 0 0 0 0 0 0 0 0 L1]
 452 P     185592 [L0 451 -1 -1 -1 -1 -1 -1 -1 -1 -1 -1 -1 -1 -1 -1 -1 L0] [L1 0 0 0 0 0 0 0 0 0 0 0 0 0 0 0 0 L1]
 453 P     218160 [L0 452 -1 -1 -1 -1 -1 -1 -1 -1 -1 -1 -1 -1 -1 -1 -1 L0] [L1 0 0 0 0 0 0 0 0 0 0 0 0 0 0 0 0 L1]
 454 P     216136 [L0 453 -1 -1 -1 -1 -1 -1 -1 -1 -1 -1 -1 -1 -1 -1 -1 L0] [L1 0 0 0 0 0 0 0 0 0 0 0 0 0 0 0 0 L1]
 455 P     217408 [L0 454 -1 -1 -1 -1 -1 -1 -1 -1 -1 -1 -1 -1 -1 -1 -1 L0] [L1 0 0 0 0 0 0 0 0 0 0 0 0 0 0 0 0 L1]
 456 P     180032 [L0 455 -1 -1 -1 -1 -1 -1 -1 -1 -1 -1 -1 -1 -1 -1 -1 L0] [L1 0 0 0 0 0 0 0 0 0 0 0 0 0 0 0 0 L1]
 457 P     208728 [L0 456 -1 -1 -1 -1 -1 -1 -1 -1 -1 -1 -1 -1 -1 -1 -1 L0] [L1 0 0 0 0 0 0 0 0 0 0 0 0 0 0 0 0 L1]
 458 P     226432 [L0 457 -1 -1 -1 -1 -1 -1 -1 -1 -1 -1 -1 -1 -1 -1 -1 L0] [L1 0 0 0 0 0 0 0 0 0 0 0 0 0 0 0 0 L1]
 459 P     237480 [L0 458 -1 -1 -1 -1 -1 -1 -1 -1 -1 -1 -1 -1 -1 -1 -1 L0] [L1 0 0 0 0 0 0 0 0 0 0 0 0 0 0 0 0 L1]
 460 P     230688 [L0 459 -1 -1 -1 -1 -1 -1 -1 -1 -1 -1 -1 -1 -1 -1 -1 L0] [L1 0 0 0 0 0 0 0 0 0 0 0 0 0 0 0 0 L1]
 461 P     232320 [L0 460 -1 -1 -1 -1 -1 -1 -1 -1 -1 -1 -1 -1 -1 -1 -1 L0] [L1 0 0 0 0 0 0 0 0 0 0 0 0 0 0 0 0 L1]
 462 P     226680 [L0 461 -1 -1 -1 -1 -1 -1 -1 -1 -1 -1 -1 -1 -1 -1 -1 L0] [L1 0 0 0 0 0 0 0 0 0 0 0 0 0 0 0 0 L1]
 463 P     228912 [L0 462 -1 -1 -1 -1 -1 -1 -1 -1 -1 -1 -1 -1 -1 -1 -1 L0] [L1 0 0 0 0 0 0 0 0 0 0 0 0 0 0 0 0 L1]
 464 P     160368 [L0 463 -1 -1 -1 -1 -1 -1 -1 -1 -1 -1 -1 -1 -1 -1 -1 L0] [L1 0 0 0 0 0 0 0 0 0 0 0 0 0 0 0 0 L1]
 465 P     206032 [L0 464 -1 -1 -1 -1 -1 -1 -1 -1 -1 -1 -1 -1 -1 -1 -1 L0] [L1 0 0 0 0 0 0 0 0 0 0 0 0 0 0 0 0 L1]
 466 P     180376 [L0 465 -1 -1 -1 -1 -1 -1 -1 -1 -1 -1 -1 -1 -1 -1 -1 L0] [L1 0 0 0 0 0 0 0 0 0 0 0 0 0 0 0 0 L1]
 467 P     220504 [L0 466 -1 -1 -1 -1 -1 -1 -1 -1 -1 -1 -1 -1 -1 -1 -1 L0] [L1 0 0 0 0 0 0 0 0 0 0 0 0 0 0 0 0 L1]
 468 P     155760 [L0 467 -1 -1 -1 -1 -1 -1 -1 -1 -1 -1 -1 -1 -1 -1 -1 L0] [L1 0 0 0 0 0 0 0 0 0 0 0 0 0 0 0 0 L1]
 469 P     146160 [L0 468 -1 -1 -1 -1 -1 -1 -1 -1 -1 -1 -1 -1 -1 -1 -1 L0] [L1 0 0 0 0 0 0 0 0 0 0 0 0 0 0 0 0 L1]
 470 P     162120 [L0 469 -1 -1 -1 -1 -1 -1 -1 -1 -1 -1 -1 -1 -1 -1 -1 L0] [L1 0 0 0 0 0 0 0 0 0 0 0 0 0 0 0 0 L1]
 471 P     158080 [L0 470 -1 -1 -1 -1 -1 -1 -1 -1 -1 -1 -1 -1 -1 -1 -1 L0] [L1 0 0 0 0 0 0 0 0 0 0 0 0 0 0 0 0 L1]
 472 P     171592 [L0 471 -1 -1 -1 -1 -1 -1 -1 -1 -1 -1 -1 -1 -1 -1 -1 L0] [L1 0 0 0 0 0 0 0 0 0 0 0 0 0 0 0 0 L1]
 473 P     197872 [L0 472 -1 -1 -1 -1 -1 -1 -1 -1 -1 -1 -1 -1 -1 -1 -1 L0] [L1 0 0 0 0 0 0 0 0 0 0 0 0 0 0 0 0 L1]
 474 P     139952 [L0 473 -1 -1 -1 -1 -1 -1 -1 -1 -1 -1 -1 -1 -1 -1 -1 L0] [L1 0 0 0 0 0 0 0 0 0 0 0 0 0 0 0 0 L1]
 475 P     221440 [L0 474 -1 -1 -1 -1 -1 -1 -1 -1 -1 -1 -1 -1 -1 -1 -1 L0] [L1 0 0 0 0 0 0 0 0 0 0 0 0 0 0 0 0 L1]
 476 P     222432 [L0 475 -1 -1 -1 -1 -1 -1 -1 -1 -1 -1 -1 -1 -1 -1 -1 L0] [L1 0 0 0 0 0 0 0 0 0 0 0 0 0 0 0 0 L1]
 477 P     163144 [L0 476 -1 -1 -1 -1 -1 -1 -1 -1 -1 -1 -1 -1 -1 -1 -1 L0] [L1 0 0 0 0 0 0 0 0 0 0 0 0 0 0 0 0 L1]
 478 P     123424 [L0 477 -1 -1 -1 -1 -1 -1 -1 -1 -1 -1 -1 -1 -1 -1 -1 L0] [L1 0 0 0 0 0 0 0 0 0 0 0 0 0 0 0 0 L1]
 479 P     167344 [L0 478 -1 -1 -1 -1 -1 -1 -1 -1 -1 -1 -1 -1 -1 -1 -1 L0] [L1 0 0 0 0 0 0 0 0 0 0 0 0 0 0 0 0 L1]
 480 P     211224 [L0 479 -1 -1 -1 -1 -1 -1 -1 -1 -1 -1 -1 -1 -1 -1 -1 L0] [L1 0 0 0 0 0 0 0 0 0 0 0 0 0 0 0 0 L1]
 481 P     162368 [L0 480 -1 -1 -1 -1 -1 -1 -1 -1 -1 -1 -1 -1 -1 -1 -1 L0] [L1 0 0 0 0 0 0 0 0 0 0 0 0 0 0 0 0 L1]
 482 P     111176 [L0 481 -1 -1 -1 -1 -1 -1 -1 -1 -1 -1 -1 -1 -1 -1 -1 L0] [L1 0 0 0 0 0 0 0 0 0 0 0 0 0 0 0 0 L1]
 483 P     187144 [L0 482 -1 -1 -1 -1 -1 -1 -1 -1 -1 -1 -1 -1 -1 -1 -1 L0] [L1 0 0 0 0 0 0 0 0 0 0 0 0 0 0 0 0 L1]
 484 P     184976 [L0 483 -1 -1 -1 -1 -1 -1 -1 -1 -1 -1 -1 -1 -1 -1 -1 L0] [L1 0 0 0 0 0 0 0 0 0 0 0 0 0 0 0 0 L1]
 485 P     140720 [L0 484 -1 -1 -1 -1 -1 -1 -1 -1 -1 -1 -1 -1 -1 -1 -1 L0] [L1 0 0 0 0 0 0 0 0 0 0 0 0 0 0 0 0 L1]
 486 P     141120 [L0 485 -1 -1 -1 -1 -1 -1 -1 -1 -1 -1 -1 -1 -1 -1 -1 L0] [L1 0 0 0 0 0 0 0 0 0 0 0 0 0 0 0 0 L1]
 487 P     119352 [L0 486 -1 -1 -1 -1 -1 -1 -1 -1 -1 -1 -1 -1 -1 -1 -1 L0] [L1 0 0 0 0 0 0 0 0 0 0 0 0 0 0 0 0 L1]
 488 P     218264 [L0 487 -1 -1 -1 -1 -1 -1 -1 -1 -1 -1 -1 -1 -1 -1 -1 L0] [L1 0 0 0 0 0 0 0 0 0 0 0 0 0 0 0 0 L1]
 489 P     134888 [L0 488 -1 -1 -1 -1 -1 -1 -1 -1 -1 -1 -1 -1 -1 -1 -1 L0] [L1 0 0 0 0 0 0 0 0 0 0 0 0 0 0 0 0 L1]
 490 P     121864 [L0 489 -1 -1 -1 -1 -1 -1 -1 -1 -1 -1 -1 -1 -1 -1 -1 L0] [L1 0 0 0 0 0 0 0 0 0 0 0 0 0 0 0 0 L1]
 491 P     119120 [L0 490 -1 -1 -1 -1 -1 -1 -1 -1 -1 -1 -1 -1 -1 -1 -1 L0] [L1 0 0 0 0 0 0 0 0 0 0 0 0 0 0 0 0 L1]
 492 P     169824 [L0 491 -1 -1 -1 -1 -1 -1 -1 -1 -1 -1 -1 -1 -1 -1 -1 L0] [L1 0 0 0 0 0 0 0 0 0 0 0 0 0 0 0 0 L1]
 493 P      75752 [L0 492 -1 -1 -1 -1 -1 -1 -1 -1 -1 -1 -1 -1 -1 -1 -1 L0] [L1 0 0 0 0 0 0 0 0 0 0 0 0 0 0 0 0 L1]
 494 P     127024 [L0 493 -1 -1 -1 -1 -1 -1 -1 -1 -1 -1 -1 -1 -1 -1 -1 L0] [L1 0 0 0 0 0 0 0 0 0 0 0 0 0 0 0 0 L1]
 495 P     113032 [L0 494 -1 -1 -1 -1 -1 -1 -1 -1 -1 -1 -1 -1 -1 -1 -1 L0] [L1 0 0 0 0 0 0 0 0 0 0 0 0 0 0 0 0 L1]
 496 P      78312 [L0 495 -1 -1 -1 -1 -1 -1 -1 -1 -1 -1 -1 -1 -1 -1 -1 L0] [L1 0 0 0 0 0 0 0 0 0 0 0 0 0 0 0 0 L1]
 497 P      67192 [L0 496 -1 -1 -1 -1 -1 -1 -1 -1 -1 -1 -1 -1 -1 -1 -1 L0] [L1 0 0 0 0 0 0 0 0 0 0 0 0 0 0 0 0 L1]
 498 P      41824 [L0 497 -1 -1 -1 -1 -1 -1 -1 -1 -1 -1 -1 -1 -1 -1 -1 L0] [L1 0 0 0 0 0 0 0 0 0 0 0 0 0 0 0 0 L1]
 499 P      25144 [L0 498 -1 -1 -1 -1 -1 -1 -1 -1 -1 -1 -1 -1 -1 -1 -1 L0] [L1 0 0 0 0 0 0 0 0 0 0 0 0 0 0 0 0 L1]
